3000, 382, 3000, 659
3419, 73, 3659, 165
3492, 7, 3824, 150
3500, 20, 3974, 108
3520, 46, 4082, 130
3567, 42, 4212, 104
3610, 26, 4316, 124
3636, 71, 4440, 116
3707, -2, 4556, 101
3705, 6, 4657, 116
3713, 37, 4773, 81
3751, 28, 4854, 120
3779, 48, 4974, 83
3827, 43, 5057, 80
3873, 23, 5137, 77
3897, 44, 5214, 101
3943, 16, 5315, 75
3959, 24, 5390, 58
3984, 17, 5448, 60
4004, 41, 5508, 90
4048, 41, 5598, 52
4092, 40, 5650, 44
4133, 29, 5694, 25
4167, 39, 5719, 65
4208, 46, 5784, 77
4254, 31, 5861, 35
4288, 6, 5896, 45
4297, -8, 5941, 47
4292, 1, 5988, 37
4296, -31, 6025, 29
4269, 37, 6054, 56
4308, 40, 6110, 51
4352, 13, 6161, 66
4371, -13, 6227, 52
4360, 37, 6279, 54
4400, 28, 6333, 83
4429, 18, 6416, 61
4449, 33, 6477, 65
4485, 20, 6542, 84
4506, 23, 6626, 86
4531, 13, 6712, 77
4544, 23, 6789, 61
4569, 31, 6850, 52
4602, 23, 6902, 51
4628, 41, 6953, 48
4672, 44, 7001, 55
4720, 55, 7056, 57
4778, 60, 7113, 71
4839, 29, 7184, 22
4872, -1, 7206, 76
4873, 28, 7282, 18
4904, 39, 7300, -10
4945, 51, 7290, 28
5003, 23, 7318, 78
5032, 9, 7396, 10
5046, 38, 7406, 27
5088, 28, 7433, 19
5118, 50, 7452, 56
5171, -38, 7508, 1
5138, 51, 7509, 24
5192, 31, 7533, 25
5226, -11, 7558, 33
5222, 4, 7591, 30
5228, 29, 7621, 37
5259, 27, 7658, 14
5292, 6, 7672, 16
5301, 18, 7688, -15
5322, 52, 7673, -24
5377, 33, 7649, 19
5414, 10, 7668, -24
5431, 26, 7644, -21
5464, 50, 7623, 62
5516, 5, 7685, -24
5528, 17, 7661, 15
5551, -15, 7676, 39
5545, 22, 7715, 25
5572, -6, 7740, 60
5566, -18, 7800, 29
5553, -15, 7829, 17
5542, -6, 7846, 19
5542, 45, 7865, -2
5592, -13, 7863, -2
5589, 34, 7861, 30
5627, -16, 7891, 10
5614, -27, 7901, 3
5590, -37, 7904, 46
5562, -55, 7950, 44
5510, -43, 7994, 57
5477, -73, 8051, 22
5413, -25, 8073, 8
5391, 14, 8081, 49
5405, -2, 8130, 19
5407, -64, 8149, 44
5349, -36, 8193, 23
5319, -65, 8216, 28
5263, -44, 8244, 41
5226, -43, 8285, -18
5187, -64, 8267, 16
5129, 15, 8283, 11
5148, -10, 8294, -31
5141, -42, 8263, 15
5104, -63, 8278, -43
5046, -61, 8235, 15
4988, -80, 8250, -7
4917, -31, 8243, -61
4893, -50, 8182, -29
4849, -57, 8153, 11
4800, -24, 8164, 11
4782, -24, 8175, -49
4765, -98, 8126, -3
4671, -26, 8123, 24
4649, -49, 8147, -14
4608, -98, 8133, -31
4515, -45, 8102, -8
4474, -63, 8094, -42
4417, -45, 8052, -28
4377, -55, 8024, 20
4330, -69, 8044, -11
4265, -59, 8033, -22
4210, -81, 8011, -35
4135, -90, 7976, -9
4048, -60, 7967, -3
3995, -79, 7964, -13
3928, -85, 7951, -22
3852, -102, 7929, 27
3752, -43, 7956, -5
3712, -39, 7951, -21
3679, -84, 7930, -4
3604, -48, 7926, -34
3560, -77, 7892, 5
3491, -109, 7897, -29
3385, -76, 7868, -11
3313, -52, 7857, -18
3265, -72, 7839, -47
3195, -99, 7792, -28
3100, -63, 7764, -25
3040, -49, 7739, -33
2994, -85, 7706, -52
2913, -49, 7654, -66
2865, -69, 7588, -34
2804, -52, 7554, -47
2756, -46, 7507, -22
2714, -82, 7485, -27
2633, -51, 7458, -35
2586, -48, 7423, -57
2540, -61, 7366, -67
2482, -44, 7299, -41
2441, -20, 7258, -40
2423, -67, 7218, -77
2359, -70, 7141, -53
2292, -36, 7088, -55
2260, -58, 7033, -52
2208, -48, 6981, -55
2164, -49, 6926, -46
2123, -72, 6880, -86
2057, -57, 6794, -53
2002, -41, 6741, -22
1965, -1, 6719, -1
1967, -22, 6718, -23
1949, -50, 6695, -27
1899, -43, 6668, -32
1859, -58, 6636, -59
1804, -66, 6577, -47
1741, -47, 6530, -38
1699, -14, 6492, -58
1690, -22, 6434, -65
1673, -59, 6369, -83
1617, -55, 6286, -50
1563, -38, 6236, -50
1527, -44, 6186, -26
1486, -39, 6160, -63
1450, -35, 6097, -23
1418, -25, 6074, -37
1393, -26, 6037, -65
1369, -56, 5972, -75
1316, -36, 5897, -68
1284, -55, 5829, -54
1232, -29, 5775, -38
1207, -20, 5737, -47
1187, -42, 5690, -57
1146, -31, 5633, -49
1115, -22, 5584, -37
1094, -9, 5547, -66
1085, -31, 5481, -65
1056, -42, 5416, -74
1015, -36, 5342, -74
981, 324, 5268, -87
1306, 16, 5181, -63
1322, 11, 5118, -50
1334, 14, 5068, -68
1352, -16, 5000, -57
1337, -17, 4943, -48
1321, -32, 4895, -32
1289, -8, 4863, -41
1282, -18, 4822, -27
1266, -15, 4795, -43
1253, -12, 4752, -34
1243, -25, 4718, -39
1219, -9, 4679, -45
1212, -12, 4634, -74
1202, -26, 4560, -29
1176, -5, 4531, -42
1172, 5, 4489, -38
1177, -9, 4451, -11
1169, 0, 4440, -42
1170, -8, 4398, -59
1165, 2, 4339, -25
1167, 27, 4314, -37
1195, -10, 4277, -49
1185, -10, 4228, -39
1176, -19, 4189, -45
1157, -16, 4144, -30
1142, 8, 4114, -52
1150, -11, 4062, -53
1141, 13, 4009, -66
1155, 3, 3943, -38
1159, 14, 3905, -56
1175, -2, 3849, -48
1173, 18, 3801, -48
1191, -9, 3753, -61
1182, 12, 3692, -47
1194, 10, 3645, -50
1204, 6, 3595, -27
1210, 9, 3568, -35
1219, 21, 3533, -36
1240, 2, 3497, -26
1242, 0, 3471, -34
1242, 15, 3437, -34
1257, 5, 3403, -39
1263, -13, 3364, -42
1251, -2, 3322, -54
1250, 28, 3268, -20
1278, 23, 3248, -13
1302, -8, 3235, -27
1294, 14, 3208, -24
1309, 1, 3184, -24
1311, 14, 3160, -39
1325, 23, 3121, -38
1348, -2, 3083, -33
1347, -6, 3050, -53
1342, 17, 2997, -5
1359, -1, 2992, -23
1359, 19, 2969, -32
1378, -13, 2937, -45
1366, -8, 2892, -22
1358, 19, 2870, -30
1377, 5, 2840, -17
1382, 21, 2823, -19
1405, 1, 2804, -22
1407, 17, 2782, -19
1425, 2, 2763, 4
1429, -3, 2767, -13
1426, -6, 2754, -10
1423, -10, 2744, -28
1414, 0, 2716, 2
1414, 4, 2718, -9
1419, -2, 2709, -20
1417, 10, 2689, -16
1428, 25, 2673, -30
1454, -11, 2643, -23
1444, 4, 2620, -29
1451, 26, 2591, -14
1477, -4, 2577, -8
1475, 23, 2569, -12
1498, 4, 2557, -12
1502, 6, 2545, -21
1508, 20, 2524, 1
1528, 3, 2525, -17
1531, 13, 2508, -11
1545, 7, 2497, -12
1552, 17, 2485, 1
1571, 3, 2486, -23
1574, 3, 2463, -22
1577, 24, 2441, -32
1601, -12, 2409, -31
1590, 8, 2378, -37
1602, 13, 2341, -15
1617, 1, 2326, -21
1621, 1, 2305, -10
1624, 4, 2295, -33
1628, 23, 2262, -10
1653, 27, 2252, -10
1680, 10, 2242, -14
1690, -2, 2228, -11
1689, 22, 2217, -11
1712, 28, 2206, -13
1740, 31, 2193, -20
1771, -3, 2173, -13
1769, 13, 2160, -17
1783, 28, 2143, -22
1811, 30, 2121, -13
1841, 33, 2108, -23
1875, 25, 2085, 7
1901, 13, 2092, -17
1915, 19, 2075, -20
1935, 10, 2055, -3
1949, -10, 2052, -1
1939, -17, 2051, -2
1924, 20, 2049, 5
1945, 20, 2054, 10
1967, 30, 2064, 6
1997, 20, 2070, 2
2018, 6, 2072, -13
2025, 17, 2059, -22
2043, 43, 2037, -16
2086, 22, 2021, -38
2112, 16, 1983, -2
2129, 22, 1981, -16
2153, 30, 1965, -17
2184, 4, 1948, -17
2190, 53, 1931, -32
2244, 23, 1899, -16
2271, 60, 1883, -8
2331, 29, 1875, -16
2362, 36, 1859, -20
2398, 35, 1839, -17
2433, 42, 1822, -15
2475, 40, 1807, -19
2516, 35, 1788, -6
2552, 80, 1782, -19
2634, 69, 1763, -9
2704, 116, 1754, -9
2821, 82, 1745, -16
2904, 58, 1729, -12
2963, 80, 1717, -20
3043, 32, 1697, -28
3075, 16, 1669, -16
3091, 30, 1653, -3
3122, 43, 1650, -11
3165, 43, 1639, -11
3209, 13, 1628, -7
3222, -3, 1621, -11
3220, 25, 1610, -14
3246, -1, 1596, -15
3246, 18, 1581, -17
3264, 36, 1564, -4
3302, -9, 1560, 3
3294, 35, 1563, -11
3330, 16, 1552, -5
3346, 20, 1547, -7
3369, 12, 1540, -13
3384, 48, 1527, -6
3435, 3, 1521, -13
3439, 7, 1508, -13
3448, 51, 1495, -7
3500, 49, 1488, -3
3549, 33, 1485, -1
3582, 70, 1484, 12
3652, 56, 1496, -9
3710, 20, 1487, -3
3730, 0, 1484, -11
3734, 35, 1473, 11
3770, 18, 1484, 10
3790, 38, 1494, -20
3829, 45, 1474, -8
3875, 50, 1466, -16
3926, 32, 1450, 4
3961, 50, 1454, -3
4012, 62, 1451, -5
4076, 62, 1446, -1
4139, 37, 1445, -1
4176, 36, 1444, 3
4213, 46, 1447, 4
4262, 65, 1451, -6
4327, 38, 1445, -12
4368, 49, 1433, -6
4419, 43, 1427, -3
4462, 54, 1424, -7
4518, 41, 1417, -11
4560, 58, 1406, 16
4618, 20, 1422, 10
4641, 35, 1432, 9
4678, -9, 1441, 13
4672, 44, 1454, 0
4717, 69, 1454, 4
4787, 66, 1458, 12
4854, 56, 1470, 1
4912, 48, 1471, -7
4963, 96, 1464, -10
5059, 101, 1454, 0
5162, 62, 1454, -6
5225, 34, 1448, -2
5261, 42, 1446, 5
5305, 24, 1451, -3
5332, 47, 1448, 3
5380, 1, 1451, 15
5383, 36, 1466, -5
5422, 71, 1461, 3
5497, 108, 1464, 17
5611, 23, 1481, 6
5637, 54, 1487, 8
5691, 42, 1495, 15
5737, -16, 1510, 10
5723, 15, 1520, 9
5741, 45, 1529, 11
5790, -11, 1540, 14
5782, 16, 1554, 8
5802, 19, 1562, 20
5823, 66, 1582, 7
5893, 6, 1589, 10
5902, 0, 1599, 8
5907, 34, 1607, 11
5947, 9, 1618, 17
5957, 85, 1635, 8
6045, 36, 1643, 12
6083, 58, 1655, 4
6141, 51, 1659, 8
6195, 58, 1667, 0
6257, 7, 1667, 19
6271, 7, 1686, 2
6284, 22, 1688, 14
6309, 8, 1702, 3
6319, 29, 1705, -1
6351, 53, 1704, -3
6411, 22, 1701, -1
6435, 9, 1700, 6
6447, 19, 1706, 9
6469, 7, 1715, 10
6479, 29, 1725, -3
6511, 50, 1722, 9
6566, 66, 1731, 14
6635, 3, 1745, -12
6641, 39, 1733, 1
6682, 43, 1734, 13
6729, 33, 1747, 3
6764, 55, 1750, 8
6825, 54, 1758, 10
6880, 57, 1768, 1
6942, 107, 1769, -7
7053, 90, 1762, -3
7145, 117, 1759, -7
7264, 104, 1752, 20
7373, 134, 1772, 24
7509, 140, 1796, 16
7654, 186, 1812, -4
7843, 202, 1808, 15
8046, 284, 1823, -6
8334, 198, 1817, 1
8533, 166, 1818, 5
8705, -23, 1823, 1
8684, -18, 1824, -9
8668, 4, 1815, -1
8676, 18, 1814, 22
8695, 22, 1836, -4
8722, 7, 1832, 2
8734, 49, 1834, -4
8784, 36, 1830, 5
8825, -19, 1835, 27
8810, 17, 1862, -4
8832, -10, 1858, -19
8828, 24, 1839, -6
8855, 59, 1833, -6
8921, -6, 1827, -17
8923, 4, 1810, 5
8934, 47, 1815, -16
8983, -45, 1799, 5
8947, 58, 1804, -1
9011, 42, 1803, 12
9058, 34, 1815, 8
9098, 54, 1823, 12
9156, 86, 1835, 17
9245, -5, 1852, 16
9247, 26, 1868, 16
9275, 119, 1884, 20
9398, 20, 1904, 12
9423, 47, 1916, 17
9479, 106, 1933, 29
9590, 38, 1962, 25
9635, 41, 1987, 25
9685, 34, 2012, 57
9725, 83, 2069, 55
9816, 109, 2124, 62
9932, 47, 2186, 99
9987, 149, 2285, 107
10148, 141, 2392, 110
10296, 73, 2502, 100
10376, 110, 2602, 36
10494, 102, 2638, -14
10606, 157, 2624, 0
10770, 64, 2624, 0
10839, 20, 2624, -18
10866, -66, 2606, -3
10810, -40, 2603, -20
10776, -42, 2583, 4
10741, -76, 2587, -17
10672, -88, 2570, -16
10590, 27, 2554, -23
10621, -27, 2531, -2
10598, 12, 2529, -5
10614, 44, 2524, 3
10664, 92, 2527, 1
10764, 22, 2528, 6
10792, 31, 2534, 12
10830, 2, 2546, 13
10834, 8, 2559, 20
10849, -14, 2579, 12
10837, 76, 2591, 10
10920, -28, 2601, 27
10904, -64, 2628, 10
10848, 35, 2638, 5
10892, 21, 2643, 35
10922, 58, 2678, 11
10984, -18, 2689, 6
10978, -27, 2695, 5
10956, -47, 2700, -2
10919, -37, 2698, 10
10892, -42, 2708, 16
10857, 13, 2724, 28
10882, 15, 2752, -1
10902, -31, 2751, 22
10878, 57, 2773, -18
10937, 12, 2755, 6
10955, 18, 2761, 19
10984, -18, 2780, 16
10969, 40, 2796, 21
11019, 0, 2817, 17
11028, 48, 2834, 14
11085, 28, 2848, -1
11121, 28, 2847, 17
11160, 34, 2864, 19
11197, -8, 2883, -6
11198, 16, 2877, 13
11221, 27, 2890, 36
11258, -51, 2926, 24
11220, 4, 2950, 25
11233, 32, 2975, 8
11270, 19, 2983, 46
11295, -24, 3029, 18
11279, -19, 3047, 22
11266, 36, 3069, 36
11318, 6, 3105, 7
11329, 46, 3112, -21
11382, 47, 3091, -5
11439, 6, 3086, 2
11455, -11, 3088, 8
11454, 11, 3096, 39
11473, 33, 3135, 33
11514, 31, 3168, 2
11548, 18, 3170, 6
11572, 12, 3176, 15
11590, 72, 3191, 28
11671, 81, 3219, 21
11762, 11, 3240, 48
11786, 47, 3288, 34
11842, -38, 3322, 41
11811, 17, 3363, 20
11837, 29, 3383, 4
11875, -38, 3387, -6
11848, 122, 3381, -27
11979, 46, 3354, -11
12030, 63, 3343, -2
12106, 51, 3341, -31
12165, 51, 3310, -18
12221, 11, 3292, -20
12236, -3, 3272, -6
12242, -22, 3266, -12
12227, -6, 3254, 21
12228, -19, 3275, 17
12214, 40, 3292, 37
12258, 20, 3329, 44
12284, 10, 3373, 32
12301, -5, 3405, 39
12301, -31, 3444, 60
12282, -13, 3504, 12
12277, 29, 3516, 29
12310, -12, 3545, 57
12311, 10, 3602, 82
12332, 23, 3684, 50
12365, -13, 3734, 50
12359, 53, 3784, 21
12418, 33, 3805, 4
12460, -4, 3809, 20
12467, 78, 3829, 47
12554, 66, 3876, 28
12624, 52, 3904, 19
12683, 128, 3923, 28
12821, 76, 3951, 44
12911, 94, 3995, 48
13013, 105, 4043, 50
13128, 198, 4093, 58
13335, 174, 4151, 59
13515, 45, 4210, 37
13565, 88, 4247, 64
13661, 58, 4311, 62
13728, -4, 4373, 81
13731, -28, 4454, 77
13711, -32, 4531, 77
13686, -29, 4608, 125
13664, 26, 4733, 103
13702, 49, 4836, 97
13760, 41, 4933, 65
13810, 80, 4998, -22
13897, 32, 4976, -67
13940, -9, 4909, -100
13937, 47, 4809, -73
13993, 62, 4736, -108
14066, 186, 4628, -92
14265, 314, 4536, -20
14589, 390, 4516, -38
14987, 623, 4478, -32
15618, 735, 4446, -21
16364, 815, 4425, -6
17194, 723, 4419, -23
17930, 503, 4396, -28
18451, 96, 4368, 29
18559, -198, 4397, 9
18374, -515, 4406, 4
17870, -483, 4410, 35
17400, -485, 4445, 17
16932, -383, 4462, 43
16555, -369, 4505, 25
16193, -413, 4530, 13
15802, -400, 4543, 8
15418, -202, 4551, 18
15222, -213, 4569, -14
15013, -146, 4555, -27
14880, -85, 4528, 13
14805, -26, 4541, -13
14793, -108, 4528, -15
14702, -110, 4513, -4
14605, -52, 4509, -13
14559, -133, 4496, 2
14436, -17, 4498, 11
14429, 18, 4509, 6
14453, 5, 4515, 11
14469, -43, 4526, -8
14437, -16, 4518, 15
14431, -127, 4533, -21
14313, 14, 4512, 0
14334, 76, 4512, -27
14423, -2, 4485, 17
14427, -30, 4502, -15
14399, -25, 4487, -15
14383, 17, 4472, -1
14409, 12, 4471, -33
14431, -35, 4438, -61
14406, 2, 4377, 19
14415, -35, 4396, 4
14389, 30, 4400, 29
14428, 58, 4429, 16
14498, -27, 4445, 48
14480, 36, 4493, 106
14524, 22, 4599, 158
14560, 13, 4757, 205
14583, 124, 4962, 160
14715, 8, 5122, 188
14736, -43, 5310, 171
14706, -69, 5481, 67
14650, 13, 5548, 47
14674, 42, 5595, 40
14731, 43, 5635, 1
14786, -43, 5636, 14
14752, -74, 5650, -37
14686, 48, 5613, 22
14748, -41, 5635, -66
14727, -77, 5569, -51
14665, -16, 5518, -24
14666, -30, 5494, -47
14645, 16, 5447, -29
14669, 1, 5418, -28
14681, 70, 5390, -20
14761, 108, 5370, 30
14875, -40, 5400, -11
14852, 33, 5389, -24
14894, 51, 5365, -80
14954, -10, 5285, -39
14963, 21, 5246, -36
14992, 21, 5210, -34
15019, -79, 5176, -41
14949, -22, 5135, -57
14935, -7, 5078, -33
14945, 13, 5045, -6
14965, -20, 5039, -21
14958, -37, 5018, -17
14932, -112, 5001, -17
14834, -15, 4984, -3
14830, -89, 4981, -47
14752, 58, 4934, -32
14813, -4, 4902, -43
14824, -46, 4859, -2
14786, 97, 4857, -12
14887, 61, 4845, -2
14958, -58, 4843, 1
14914, -83, 4844, -37
14840, -46, 4807, 13
14805, 35, 4820, 5
14846, 19, 4825, -21
14871, -39, 4804, -27
14840, -43, 4777, -5
14805, 79, 4772, -8
14897, 30, 4764, -26
14935, -24, 4738, -5
14926, 5, 4733, 6
14945, 35, 4739, 40
14987, 12, 4779, 11
15008, -45, 4790, 54
14968, 58, 4844, 21
15040, -56, 4865, 6
14998, -54, 4871, 1
14955, -29, 4872, 11
14943, 67, 4883, 43
15017, 25, 4926, 18
15057, -9, 4944, 33
15056, -13, 4977, -23
15054, -32, 4954, -10
15031, -93, 4944, -9
14945, -88, 4935, 17
14871, -75, 4952, -6
14806, 11, 4946, -11
14825, -112, 4935, 16
14724, -113, 4951, -14
14626, -80, 4937, 3
14561, -77, 4940, -11
14488, 21, 4929, 10
14524, -37, 4939, -3
14500, -125, 4936, -1
14382, -9, 4935, 1
14389, -58, 4936, -13
14338, -93, 4923, 17
14255, -5, 4940, 28
14257, -49, 4968, 54
14222, -97, 5022, 56
14134, -12, 5078, 38
14135, -51, 5116, 38
14091, 2, 5154, 32
14102, -179, 5186, 44
13936, -69, 5230, -4
13874, -11, 5226, -12
13877, -10, 5214, 0
13883, -7, 5214, -17
13891, -2, 5197, 3
13896, 12, 5200, 6
13916, 71, 5206, -14
13997, -79, 5192, 47
13930, 100, 5239, 3
14037, 84, 5242, -4
14132, -39, 5238, 16
14102, 31, 5254, 7
14144, -74, 5261, 20
14077, -126, 5281, 7
13962, -114, 5288, 9
13862, -60, 5297, 24
13805, 9, 5321, -24
13824, 85, 5297, 26
13918, 55, 5323, 25
13977, 61, 5348, 35
14044, 93, 5383, -13
14144, 148, 5370, 1
14304, 335, 5371, 19
14652, 491, 5390, -34
15156, 669, 5356, -19
15837, 877, 5337, -23
16725, 987, 5314, -28
17719, 795, 5286, 19
18520, 337, 5305, 10
18865, -208, 5315, 13
18667, -714, 5328, 34
17971, -688, 5362, 33
17293, -494, 5395, 30
16805, -511, 5425, 39
16307, -452, 5464, 11
15866, -421, 5475, -5
15462, -382, 5470, -29
15093, -425, 5441, 3
14683, -309, 5444, 6
14392, -346, 5450, 7
14058, -189, 5457, -3
13878, -225, 5454, -12
13669, -231, 5442, 19
13454, -69, 5461, 24
13401, -151, 5485, 43
13255, -33, 5528, 70
13231, -45, 5598, 89
13199, -95, 5687, 141
13110, -51, 5828, 98
13073, 53, 5926, 68
13140, -60, 5994, -51
13092, 64, 5943, -32
13169, 54, 5911, -105
13234, 147, 5806, -108
13398, 176, 5698, -26
13586, 120, 5672, -51
13721, 280, 5621, -47
14016, 204, 5574, -18
14228, 222, 5556, -51
14460, 216, 5505, -55
14682, 85, 5450, -53
14779, 55, 5397, -67
14845, 39, 5330, -37
14891, 11, 5293, -53
14911, -185, 5240, -33
14735, -217, 5207, -25
14532, -262, 5182, -17
14285, -393, 5165, -2
13899, -201, 5163, 13
13703, -270, 5176, -21
13444, -209, 5155, -46
13242, -217, 5109, -20
13036, -173, 5089, 13
12870, -149, 5102, 47
12730, -72, 5149, 3
12666, -112, 5152, 8
12565, 47, 5160, -14
12621, -38, 5146, 7
12591, -20, 5153, -6
12584, 7, 5147, 3
12602, 83, 5150, 45
12691, 343, 5195, 13
13038, 406, 5208, 24
13454, 753, 5232, -16
14215, 980, 5216, 19
15199, 1425, 5235, -11
16629, 1841, 5224, -1
18476, 2281, 5223, 19
20766, 2603, 5242, -22
23383, 2866, 5220, -2
26256, 2833, 5218, -6
29095, 2292, 5212, -5
31398, 1432, 5207, -17
32850, -70, 5190, -20
32796, -1495, 5170, -21
31321, -2265, 5149, 0
29085, -2561, 5149, -15
26551, -2373, 5134, -1
24209, -2218, 5133, -45
22033, -1989, 5088, -15
20081, -1866, 5073, -33
18273, -1712, 5040, -30
16602, -1306, 5010, -34
15345, -1091, 4976, -10
14305, -910, 4966, -14
13432, -691, 4952, 34
12767, -513, 4986, 51
12276, -448, 5037, 13
11852, -372, 5050, 43
11508, -293, 5093, 30
11238, -200, 5123, 51
11050, -240, 5174, 7
10829, -260, 5181, 27
10583, -90, 5208, 55
10505, -76, 5263, 71
10440, -124, 5334, 28
10331, -99, 5362, 42
10243, -11, 5404, -23
10242, -29, 5381, -3
10222, -6, 5378, -25
10223, -21, 5353, -57
10208, -43, 5296, -44
10172, -25, 5252, -19
10156, -31, 5233, -58
10134, -79, 5175, -49
10065, -74, 5126, -92
9997, -27, 5034, -44
9978, -92, 4990, -70
9893, -123, 4920, -55
9781, -139, 4865, -44
9648, -104, 4821, -71
9552, -105, 4750, -21
9456, -121, 4729, -28
9346, -113, 4701, -42
9240, -72, 4659, 1
9180, -76, 4660, -43
9109, -106, 4617, -30
9008, -113, 4587, -7
8898, -86, 4580, 13
8821, -24, 4593, 7
8801, -86, 4600, -17
8725, 57, 4583, -12
8783, 17, 4571, 15
8809, 26, 4586, 29
8841, 118, 4615, 23
8962, 210, 4638, 37
9178, 294, 4675, 57
9479, 439, 4732, 104
9923, 710, 4836, 196
10638, 1051, 5032, 257
11695, 1546, 5289, 412
13248, 2182, 5701, 599
15443, 2810, 6300, 884
18270, 3376, 7184, 1236
21663, 3546, 8420, 1687
25239, 2793, 10107, 2122
28074, 1006, 12229, 2464
29147, -1121, 14693, 2446
28131, -2633, 17139, 1717
25635, -3223, 18856, 371
22619, -3415, 19227, -849
19479, -3319, 18378, -1659
16493, -2750, 16719, -1546
14069, -2186, 15173, -1418
12152, -1549, 13755, -1267
10804, -1109, 12488, -1270
9833, -685, 11218, -1081
9242, -567, 10137, -678
8741, -369, 9459, -392
8413, -316, 9067, -367
8119, -233, 8700, -404
7906, -162, 8296, -376
7755, -178, 7920, -285
7590, -83, 7635, -272
7516, -76, 7363, -261
7450, -122, 7102, -227
7344, -131, 6875, -151
7221, -140, 6724, -181
7096, -106, 6543, -286
6998, -63, 6257, -288
6943, -85, 5969, -256
6863, -112, 5713, -267
6759, -60, 5446, -215
6708, -96, 5231, -154
6617, -80, 5077, -138
6541, -76, 4939, -106
6474, -67, 4833, -71
6418, -50, 4762, -90
6371, -68, 4672, -47
6306, -97, 4625, -47
6215, -38, 4578, -68
6189, -78, 4510, -27
6118, 8, 4483, -52
6133, -43, 4431, -29
6100, -45, 4402, -73
6065, -53, 4329, -35
6017, -29, 4294, -43
5993, 41, 4251, -28
6039, -9, 4223, -39
6036, -1, 4184, -45
6040, -64, 4139, -27
5977, -27, 4112, -50
5956, -22, 4062, -33
5937, 6, 4029, 1
5950, 56, 4030, -51
6013, 68, 3979, -7
6091, 108, 3972, -3
6206, 142, 3969, -28
6351, 220, 3941, -23
6576, 448, 3918, -15
7026, 670, 3903, -9
7698, 1093, 3894, 0
8796, 1621, 3894, 16
10419, 2416, 3910, -23
12844, 3627, 3887, -18
16474, 5326, 3869, 8
21804, 7703, 3877, -9
29510, 10684, 3868, -40
40201, 14167, 3828, 1
54372, 16601, 3829, -26
70977, 16246, 3803, -15
87224, 12196, 3788, -4
99425, 5355, 3784, 0
104787, -2316, 3784, 4
102480, -7082, 3788, 3
95416, -8783, 3791, -7
86663, -9725, 3784, 12
76964, -10285, 3796, 7
66725, -10273, 3803, 31
56506, -8837, 3834, 36
47737, -7386, 3870, 26
40430, -6016, 3896, 56
34508, -4832, 3952, 48
29811, -3840, 4000, 80
26133, -2594, 4080, 113
23747, -1134, 4193, 170
22869, 482, 4363, 238
23624, 1975, 4601, 305
25849, 3188, 4906, 485
29203, 3234, 5391, 690
32548, 2350, 6081, 968
34960, 253, 7049, 1326
35252, -2262, 8375, 1780
33015, -3603, 10155, 2185
29442, -3909, 12340, 2656
25562, -3587, 14996, 2597
22002, -2904, 17593, 1949
19128, -2376, 19542, 715
16769, -2263, 20257, -786
14521, -1954, 19471, -1948
12591, -1502, 17523, -1956
11112, -1181, 15567, -1766
9957, -867, 13801, -1444
9117, -682, 12357, -1187
8455, -661, 11170, -1120
7820, -479, 10050, -991
7367, -338, 9059, -902
7047, -294, 8157, -769
6764, -258, 7388, -580
6521, -225, 6808, -445
6307, -168, 6363, -285
6152, -120, 6078, -169
6043, -146, 5909, -146
5904, -60, 5763, -114
5850, -98, 5649, -82
5762, -148, 5567, -65
5621, -80, 5502, -76
5549, -36, 5426, -144
5519, -52, 5282, -186
5472, -4, 5096, -189
5473, -67, 4907, -222
5410, -63, 4685, -227
5354, -67, 4458, -187
5288, -28, 4271, -168
5261, -41, 4103, -135
5223, -7, 3968, -139
5221, -23, 3829, -118
5203, 39, 3711, -87
5244, -16, 3624, -77
5228, 7, 3547, -27
5239, 7, 3520, -51
5251, -26, 3469, -44
5231, 0, 3425, -58
5233, -17, 3367, -67
5224, -27, 3300, -30
5205, -30, 3270, -36
5181, -27, 3234, -26
5162, -24, 3208, -42
5139, -16, 3166, -33
5125, -4, 3133, -15
5126, -61, 3118, -5
5071, -26, 3113, -19
5050, 6, 3094, -19
5058, -25, 3075, -9
5037, -41, 3066, 5
4999, -31, 3071, -5
4973, 1, 3066, 20
4976, 29, 3086, -19
5008, -23, 3067, -17
4989, -11, 3050, 2
4983, -18, 3052, 9
4970, 8, 3061, -12
4982, 12, 3049, -8
4998, -18, 3041, 12
4988, -49, 3053, 5
4943, -16, 3058, -19
4932, 19, 3039, -5
4952, -33, 3034, 1
4923, -4, 3035, 42
4927, -17, 3077, 19
4915, -9, 3096, 22
4909, 8, 3118, 19
4921, -21, 3137, -15
4906, 12, 3122, -2
4922, 14, 3120, 5
4939, -1, 3125, -8
4944, 32, 3117, -16
4978, -17, 3101, -24
4963, -6, 3077, -13
4961, 15, 3064, 29
4979, 9, 3093, 54
4991, 0, 3147, 101
4991, 22, 3248, 130
5015, -16, 3378, 210
5000, 15, 3588, 256
5019, -10, 3844, 361
5013, -24, 4205, 491
4993, -14, 4696, 520
4979, -1, 5216, 457
4984, -18, 5673, 317
4967, -25, 5990, 186
4951, -71, 6176, 139
4886, -3, 6315, 65
4884, -2, 6380, -13
4885, -5, 6367, -40
4887, -22, 6327, -294
4866, -9, 6033, -311
4862, -2, 5722, -269
4862, -31, 5453, -176
4836, -32, 5277, -179
4806, 40, 5098, -112
4853, -12, 4986, -102
4843, -27, 4884, -115
4821, -50, 4769, -172
4779, -17, 4597, -207
4772, 3, 4390, -207
4778, -24, 4183, -189
4759, -46, 3994, -118
4717, 1, 3876, -57
4721, -8, 3819, -6
4717, 24, 3813, 20
4744, -7, 3833, 58
4740, -6, 3891, 48
4738, 24, 3939, 79
4767, -11, 4018, -12
4761, 42, 4006, -46
4805, 10, 3960, -87
4818, -21, 3873, -120
4800, 4, 3753, -109
4807, 17, 3644, -96
4828, -12, 3548, -80
4823, -56, 3468, -59
4772, -63, 3409, -63
4718, -19, 3346, -67
4706, 35, 3279, -67
4742, -19, 3212, -51
4728, 5, 3161, -29
4733, -32, 3132, -63
4708, -10, 3069, -35
4700, -21, 3034, -26
4681, -53, 3008, -16
4630, -24, 2992, -42
4610, 20, 2950, -47
4633, 13, 2903, -6
4652, -2, 2897, 1
4652, -35, 2898, -4
4621, 49, 2894, -6
4676, -23, 2888, -15
4657, -45, 2873, -7
4618, -7, 2866, 23
4617, 25, 2889, 13
4643, 30, 2902, 23
4673, 47, 2925, 23
4724, 80, 2948, 4
4807, 35, 2952, -12
4846, 113, 2940, -2
4962, 115, 2938, 3
5083, 236, 2941, -26
5323, 342, 2915, -31
5669, 499, 2884, -33
6174, 697, 2851, -18
6876, 1099, 2833, -2
7978, 1616, 2831, -25
9599, 2379, 2806, -2
11979, 3484, 2804, -12
15466, 5045, 2792, -10
20513, 6915, 2782, -9
27433, 9434, 2773, -18
36872, 12043, 2755, -22
48924, 13629, 2733, -8
62559, 14548, 2725, 7
77112, 13428, 2732, -5
90550, 9287, 2727, 15
99842, 3676, 2742, 17
103522, -1477, 2759, 15
102052, -4779, 2774, 12
97279, -7159, 2786, -10
90129, -8327, 2776, 16
81814, -9026, 2792, 8
72800, -8751, 2800, 34
64057, -8812, 2834, 24
55261, -7725, 2858, 37
47548, -7131, 2895, 67
40439, -6178, 2962, 111
34280, -5107, 3073, 86
29195, -4660, 3159, 119
24553, -4160, 3278, 114
20414, -3467, 3392, 61
16970, -2703, 3453, 33
14293, -2053, 3486, 40
12263, -1592, 3526, -7
10696, -1298, 3519, -15
9424, -934, 3504, -25
8514, -701, 3479, -25
7841, -509, 3454, -10
7355, -313, 3444, -13
7065, -222, 3431, -33
6863, -222, 3398, -25
6659, -168, 3373, -23
6500, -148, 3350, 14
6363, -124, 3364, 49
6252, -93, 3413, 89
6166, -107, 3502, 82
6070, -42, 3584, 53
6034, -71, 3637, 66
5970, -46, 3703, 59
5929, -61, 3762, 10
5875, -67, 3772, 11
5814, -21, 3783, 41
5801, -2, 3824, 17
5802, -10, 3841, 45
5796, 24, 3886, 36
5823, -2, 3922, 68
5826, 42, 3990, 85
5871, 50, 4075, 127
5923, 32, 4202, 93
5956, -26, 4295, 99
5936, 5, 4394, 37
5942, 72, 4431, 22
6016, 0, 4453, -57
6022, 34, 4396, -54
6061, -5, 4342, -43
6059, 23, 4299, 34
6089, -93, 4333, 134
5999, -84, 4467, 315
5920, -37, 4782, 353
5884, -59, 5135, 331
5829, -33, 5466, 371
5801, -28, 5837, 343
5777, -100, 6180, 228
5682, -47, 6408, 209
5637, -65, 6617, 404
5580, -5, 7021, 688
5579, -14, 7709, 1079
5569, -17, 8788, 1536
5559, 14, 10324, 1818
5576, 34, 12142, 1689
5619, -45, 13831, 1199
5577, -97, 15030, 7
5484, -14, 15037, -945
5476, 13, 14092, -1389
5495, -15, 12703, -1417
5486, 19, 11286, -1051
5506, 12, 10235, -1055
5523, 7, 9180, -1086
5536, -1, 8094, -959
5539, 17, 7135, -873
5558, 17, 6262, -754
5576, -20, 5508, -532
5561, 5, 4976, -422
5572, -1, 4554, -256
5575, -16, 4298, -92
5566, 29, 4206, 54
5599, 4, 4260, 87
5608, 12, 4347, 72
5624, 0, 4419, -76
5632, -21, 4343, -169
5616, 13, 4174, -244
5633, -39, 3930, -224
5600, 43, 3706, -174
5645, 39, 3532, -210
5687, 31, 3322, -170
5723, -24, 3152, -79
5703, -1, 3073, -53
5707, 82, 3020, -27
5790, -13, 2993, -40
5780, 33, 2953, -21
5817, 32, 2932, -44
5850, -8, 2888, -50
5847, 7, 2838, -9
5858, -1, 2829, -43
5863, 18, 2786, 4
5882, -6, 2790, -2
5881, -8, 2788, -11
5876, 30, 2777, -8
5911, -27, 2769, -34
5887, 52, 2735, -10
5943, 31, 2725, -7
5975, 61, 2718, -12
6041, 5, 2706, -1
6053, -42, 2705, -17
6015, 19, 2688, 12
6036, 25, 2700, -1
6065, 14, 2699, 10
6084, 8, 2709, -10
6096, 3, 2699, -5
6106, 13, 2694, -9
6125, 1, 2685, 25
6130, 13, 2710, -5
6148, 24, 2705, 22
6177, 36, 2727, 0
6215, 50, 2727, -14
6270, 20, 2713, 3
6293, -9, 2716, -18
6288, 55, 2698, 7
6350, 18, 2705, -8
6373, 17, 2697, -17
6394, -5, 2680, -33
6395, 48, 2647, -2
6451, 69, 2645, -25
6521, 59, 2620, -25
6585, -29, 2595, 5
6561, 49, 2600, -28
6611, 26, 2572, 6
6647, -1, 2578, -29
6648, 32, 2549, -6
6683, 43, 2543, 6
6727, 73, 2549, 9
6804, -6, 2558, -23
6804, 22, 2535, 5
6831, 66, 2540, -5
6903, 19, 2535, 6
6923, 55, 2541, -3
6982, 7, 2538, 12
6995, 90, 2550, -12
7095, 46, 2538, 4
7144, 53, 2542, 1
7205, -32, 2543, 11
7182, -38, 2554, 8
7148, 50, 2562, 5
7203, -22, 2567, -3
7185, 50, 2564, -13
7238, -21, 2551, 17
7218, 20, 2568, 15
7246, 7, 2583, -3
7256, 78, 2580, 8
7338, 29, 2588, 20
7370, -5, 2608, 8
7369, 52, 2616, 4
7425, 123, 2620, 28
7552, 187, 2648, 22
7741, 86, 2670, 9
7837, 87, 2679, 8
7929, 98, 2687, -2
8030, 89, 2685, 2
8124, 65, 2687, -24
8191, 98, 2663, 9
8295, 158, 2672, 11
8456, 208, 2683, 17
8668, 119, 2700, 20
8793, 196, 2720, 17
8993, 149, 2737, 26
9150, 186, 2763, 1
9341, 233, 2764, 35
9585, 127, 2799, 19
9719, -36, 2818, 16
9696, -49, 2834, 25
9660, -201, 2859, 19
9470, -138, 2878, 9
9340, -128, 2887, 17
9226, -132, 2904, -4
9107, -57, 2900, 16
9061, -38, 2916, 2
9032, -74, 2918, 7
8969, -4, 2925, 20
8967, -46, 2945, 8
8924, -35, 2953, -18
8893, -27, 2935, -12
8872, -29, 2923, 3
8847, 32, 2926, -25
8888, 92, 2901, -6
8983, 63, 2895, -2
9052, 8, 2893, -7
9063, 18, 2886, 12
9083, 51, 2898, 26
9140, 47, 2924, -2
9191, 90, 2922, 3
9284, 66, 2925, 8
9360, 81, 2933, -1
9447, 219, 2932, 10
9671, 302, 2942, 23
9979, 387, 2965, -8
10374, 591, 2957, -3
10973, 787, 2954, 2
11770, 1198, 2956, 6
12977, 1750, 2962, -5
14730, 2510, 2957, 3
17246, 3484, 2960, -18
20736, 4477, 2942, 3
25221, 5550, 2945, 4
30776, 6073, 2949, 5
36857, 5860, 2954, 10
42723, 4093, 2964, 14
46824, 1463, 2978, 31
48301, -1052, 3009, -4
47266, -3033, 3005, -7
44245, -4265, 2998, 14
39995, -4450, 3012, -10
35559, -3664, 3002, 16
31921, -2631, 3018, 13
29324, -1463, 3031, 19
27899, -361, 3050, 60
27580, 302, 3110, 46
27935, 1334, 3156, 49
29318, 2542, 3205, 31
31920, 3812, 3236, 104
35790, 4858, 3340, 71
40692, 5794, 3411, 99
46513, 6305, 3510, 70
52849, 5196, 3580, 62
58067, 3051, 3642, 34
61138, -1218, 3676, 83
59955, -4921, 3759, 36
55079, -6202, 3795, 62
48945, -6179, 3857, 148
42836, -6458, 4005, 109
36453, -5882, 4114, 96
30659, -4777, 4210, 35
25976, -3822, 4245, 40
22246, -3090, 4285, 1
19236, -2267, 4286, -49
17044, -1589, 4237, -30
15523, -967, 4207, -34
14607, -690, 4173, -41
13966, -550, 4132, -13
13467, -233, 4119, 5
13270, -90, 4124, 66
13201, -86, 4190, 49
13135, -6, 4239, 41
13146, -27, 4280, 6
13132, -77, 4286, 3
13072, 28, 4289, 60
13116, 88, 4349, 60
13214, 290, 4409, 30
13518, 420, 4439, 36
13957, 662, 4475, 50
14628, 984, 4525, 78
15625, 1401, 4603, 96
17040, 1710, 4699, 91
18768, 1924, 4790, 70
20703, 1746, 4860, 96
22462, 1139, 4956, 35
23606, 573, 4991, 34
24186, -117, 5025, 18
24077, -952, 5043, 90
23138, -1139, 5133, 112
22007, -1073, 5245, 108
20948, -976, 5353, 80
19981, -793, 5433, -31
19197, -714, 5402, -155
18491, -729, 5247, -255
17771, -586, 4992, -258
17190, -590, 4734, -207
16609, -527, 4527, -138
16093, -395, 4389, -196
15701, -247, 4193, -85
15461, -322, 4108, -77
15147, -332, 4031, -20
14825, -303, 4011, 21
14527, -259, 4032, -3
14273, -310, 4029, 24
13973, -181, 4053, 48
13801, -114, 4101, 59
13700, -65, 4160, 45
13643, 54, 4205, 0
13709, 176, 4205, 10
13889, 128, 4215, 11
14025, 180, 4226, 2
14209, 261, 4228, 28
14476, 409, 4256, -15
14887, 608, 4241, 19
15513, 878, 4260, -2
16402, 1340, 4258, 45
17755, 1841, 4303, 63
19613, 2481, 4366, 119
22106, 2877, 4485, 197
25008, 2736, 4682, 300
27800, 1777, 4982, 394
29688, 465, 5376, 539
30308, -682, 5915, 614
29892, -1871, 6529, 698
28319, -2538, 7227, 650
26088, -2415, 7877, 381
23946, -2143, 8258, 0
22049, -1672, 8258, -391
20603, -904, 7867, -380
19880, -264, 7487, -268
19754, 292, 7219, -159
20159, 519, 7060, -91
20766, 687, 6969, 8
21523, 312, 6977, 179
21900, -242, 7156, 72
21715, -724, 7228, -42
21030, -1061, 7186, -61
19999, -1087, 7125, -283
18934, -1011, 6842, -435
17945, -847, 6407, -403
17118, -699, 6004, -418
16439, -437, 5586, -283
16023, -277, 5303, -209
15773, -98, 5094, -137
15683, 14, 4957, -170
15709, 115, 4787, -133
15834, -7, 4654, -109
15846, -14, 4545, -88
15841, -167, 4457, -100
15689, -201, 4357, -94
15503, -273, 4263, -104
15241, -234, 4159, -20
15014, -169, 4139, 22
14857, -249, 4161, -2
14623, -253, 4159, 40
14379, -119, 4199, 55
14272, -106, 4254, 127
14174, -173, 4381, 161
14011, -87, 4542, 254
13936, -68, 4796, 376
13887, -1, 5172, 547
13897, -28, 5719, 762
13881, -48, 6481, 1031
13840, -98, 7512, 1272
13752, -27, 8784, 1453
13737, -55, 10237, 1494
13689, 80, 11731, 1324
13774, 78, 13055, 760
13860, 11, 13815, 13
13884, -72, 13828, -256
13827, -78, 13572, -358
13762, -33, 13214, -738
13738, -43, 12476, -918
13707, -134, 11558, -475
13581, -141, 11083, 61
13451, -62, 11144, 661
13402, -59, 11805, 1239
13345, 37, 13044, 1910
13384, -68, 14954, 1837
13326, -124, 16791, 996
13206, -90, 17787, -480
13124, -20, 17307, -1460
13110, -62, 15847, -2020
13057, -5, 13827, -2168
13056, -17, 11659, -1881
13046, -5, 9778, -1495
13051, 61, 8283, -1040
13117, -25, 7243, -703
13104, 18, 6540, -493
13135, 72, 6047, -307
13218, 76, 5740, -219
13301, 96, 5521, -84
13405, 87, 5437, -73
13506, 1, 5364, -36
13517, -34, 5328, -22
13491, -90, 5306, -36
13409, -55, 5270, -69
13360, -17, 5201, -32
13350, -62, 5169, 17
13296, -10, 5186, 15
13290, -77, 5201, 62
13225, -99, 5263, 108
13134, -107, 5371, 130
13036, 29, 5501, 120
13072, -88, 5621, 54
12994, -20, 5675, 21
12983, -44, 5696, 8
12944, -147, 5704, 48
12812, -126, 5752, -26
12698, -71, 5726, -1
12633, -35, 5725, -109
12607, -29, 5616, -142
12584, -43, 5474, -155
12544, -94, 5319, -128
12460, -39, 5191, -164
12433, -25, 5027, -112
12415, 46, 4915, -115
12468, -11, 4800, -60
12471, 2, 4740, -92
12484, 8, 4648, -64
12500, -3, 4584, -83
12507, -29, 4501, -58
12489, -78, 4443, -69
12420, -38, 4374, -65
12391, -71, 4309, -28
12327, -89, 4281, -36
12254, 3, 4245, -10
12264, -70, 4235, -31
12202, -77, 4204, 7
12137, -3, 4211, -13
12144, -56, 4198, -1
12098, -106, 4197, 23
11999, -5, 4220, -6
12001, -78, 4214, 12
11929, -62, 4226, -7
11875, -96, 4219, -12
11788, -102, 4207, -8
11695, -50, 4199, -44
11650, -57, 4155, -23
11604, -134, 4132, -8
11477, 27, 4124, -32
11506, 47, 4092, 3
11560, -71, 4095, 26
11498, -71, 4121, -2
11430, -11, 4119, 15
11429, 7, 4134, 10
11442, -15, 4144, -9
11439, -32, 4135, -11
11414, -78, 4124, -11
11343, -15, 4113, -5
11335, 22, 4108, -16
11368, -39, 4092, 6
11337, -86, 4098, -5
11254, -80, 4093, 3
11182, -8, 4096, -1
11183, -13, 4095, -13
11181, -16, 4082, 11
11171, -50, 4093, 3
11124, -50, 4096, 40
11082, -50, 4136, 41
11038, -32, 4177, 4
11016, -18, 4181, 5
11010, 45, 4186, -9
11063, -62, 4177, 5
11009, -38, 4182, 4
10980, -64, 4186, 13
10924, -59, 4199, 3
10874, -53, 4202, -15
10832, -28, 4187, -13
10812, -52, 4174, -28
10769, 24, 4146, 2
10800, -42, 4148, -33
10761, -69, 4115, -18
10700, -63, 4097, -16
10642, -71, 4081, -22
10578, -41, 4059, -4
10543, 42, 4055, -6
10594, 96, 4049, -21
10697, 26, 4028, -3
10739, -2, 4025, -8
10745, 53, 4017, 11
10802, 3, 4028, 1
10815, 3, 4029, -18
10826, 40, 4011, -34
10875, 54, 3977, -30
10934, 99, 3947, -52
11040, 187, 3895, -12
11227, 174, 3883, -46
11406, 180, 3837, -19
11593, 87, 3818, -38
11690, 155, 3780, -2
11856, 77, 3778, 3
11939, -100, 3781, 20
11847, -150, 3801, -2
11701, -142, 3799, -17
11568, -73, 3782, -11
11501, -126, 3771, -22
11377, -74, 3749, 5
11307, -112, 3754, -23
11200, -15, 3731, -34
11187, -17, 3697, -8
11176, -23, 3689, -6
11163, 4, 3683, -17
11173, -38, 3666, -14
11142, -12, 3652, -14
11138, 53, 3638, 2
11198, 20, 3640, 12
11225, 34, 3652, -9
11272, 88, 3643, 7
11366, 83, 3650, 4
11458, 204, 3654, -18
11671, 227, 3636, -15
11904, 224, 3621, -12
12136, 234, 3609, -9
12375, 262, 3600, -19
12649, 128, 3581, -15
12784, 51, 3566, 2
12843, 64, 3568, -20
12910, -28, 3548, -13
12889, -161, 3535, 4
12734, -122, 3539, -13
12621, -183, 3526, 1
12446, -173, 3527, 5
12279, -189, 3532, 17
12100, -96, 3549, -8
12011, -82, 3541, 3
11944, -107, 3544, 6
11850, -141, 3550, 31
11715, -43, 3581, 12
11680, -120, 3593, 2
11569, -37, 3595, -2
11539, -101, 3593, -12
11449, -16, 3581, -4
11445, -1, 3577, 2
11450, -33, 3579, 22
11426, -66, 3601, -5
11372, 90, 3596, -7
11467, -18, 3589, 13
11458, -6, 3602, 7
11461, -71, 3609, 14
11395, -38, 3623, -14
11365, 28, 3609, -13
11397, 27, 3596, -9
11430, -3, 3587, 1
11436, -51, 3588, -3
11392, -34, 3585, -20
11362, 109, 3565, -31
11474, 98, 3534, -26
11579, 188, 3508, 1
11777, 283, 3509, -14
12064, 235, 3495, 17
12302, 408, 3512, -6
12715, 461, 3506, -10
13185, 599, 3496, -23
13792, 677, 3473, 22
14473, 705, 3495, 1
15182, 618, 3496, 3
15812, 521, 3499, -13
16342, 235, 3486, 17
16582, -142, 3503, 18
16447, -500, 3521, 12
15953, -464, 3533, -1
15495, -449, 3532, -6
15056, -345, 3526, -1
14721, -428, 3525, -29
14301, -310, 3496, -13
14000, -268, 3483, 13
13742, -300, 3496, -10
13448, -331, 3486, 6
13124, -242, 3492, 21
12889, -204, 3513, -10
12691, -311, 3503, 0
12387, -209, 3503, -7
12188, -127, 3496, -17
12068, -130, 3479, 5
11948, -124, 3484, -19
11828, -154, 3465, 2
11679, -73, 3467, 1
11611, 15, 3468, 14
11628, -57, 3482, -4
11579, 4, 3478, 0
11587, 28, 3478, 8
11621, 100, 3486, -12
11729, 93, 3474, -4
11827, 226, 3470, 2
12064, 331, 3472, -11
12397, 562, 3461, 5
12963, 576, 3466, -13
13548, 592, 3453, -16
14146, 524, 3437, -8
14677, 396, 3429, 6
15078, 312, 3435, 22
15402, 244, 3457, -24
15649, -75, 3433, -23
15580, -438, 3410, -4
15146, -554, 3406, -2
14599, -519, 3404, -10
14086, -361, 3394, -26
13730, -315, 3368, -16
13419, -323, 3352, -49
13107, -185, 3303, -19
12926, -135, 3284, -22
12795, -219, 3262, 7
12586, -117, 3269, -7
12479, -38, 3262, -5
12455, -62, 3257, -14
12394, -107, 3243, 16
12294, -84, 3259, -16
12222, 6, 3243, -4
12233, -55, 3239, -1
12184, -76, 3238, 0
12112, -15, 3238, -13
12107, 82, 3225, -15
12195, 31, 3210, 1
12233, 35, 3211, -10
12277, 54, 3201, -6
12337, -18, 3195, 2
12324, 77, 3197, -1
12408, 263, 3196, 3
12678, 273, 3199, 14
12964, 345, 3213, 16
13316, 589, 3229, -24
13914, 805, 3205, -4
14726, 1308, 3201, -2
16042, 1850, 3199, 7
17897, 2478, 3206, 20
20386, 3216, 3226, 4
23613, 4061, 3230, 19
27676, 5153, 3249, 6
32838, 6942, 3255, 22
39786, 8824, 3277, 23
48617, 10011, 3300, 16
58638, 9163, 3316, 13
67808, 7377, 3329, -24
75189, 4467, 3305, -16
79664, 1086, 3289, 2
80754, -1585, 3291, 10
79179, -3026, 3301, -31
76163, -2944, 3270, 10
73226, -2182, 3280, 2
71051, -2095, 3282, -7
68966, -4208, 3275, -3
64763, -6631, 3272, -6
58141, -7954, 3266, 16
50191, -7717, 3282, 19
42483, -6309, 3301, 21
36180, -4949, 3322, 7
31241, -4246, 3329, 29
27008, -3355, 3358, 22
23662, -2233, 3380, 30
21438, -1900, 3410, 49
19553, -1481, 3459, 63
18091, -1331, 3522, 63
16771, -974, 3585, 130
15813, -682, 3715, 126
15140, -529, 3841, 195
14624, -387, 4036, 298
14252, -272, 4334, 392
13987, -265, 4726, 505
13729, -203, 5231, 567
13536, -136, 5798, 586
13410, -226, 6384, 517
13196, -43, 6901, 298
13166, -42, 7199, -81
13137, -74, 7118, -476
13074, -111, 6642, -575
12971, -77, 6067, -409
12905, -96, 5658, -271
12820, -2, 5387, -230
12824, -28, 5157, -180
12805, -48, 4977, -139
12759, -23, 4838, -141
12740, -23, 4697, -102
12720, 15, 4595, -34
12743, 31, 4561, -11
12782, -62, 4550, -52
12728, 19, 4498, -97
12753, -11, 4401, -56
12754, -80, 4345, -95
12684, 61, 4250, -88
12750, -50, 4162, -45
12711, 36, 4117, -42
12753, -14, 4075, -21
12748, -53, 4054, -34
12699, -19, 4020, 10
12683, -23, 4030, -32
12662, -72, 3998, 39
12597, -27, 4037, 25
12575, 75, 4062, 9
12653, 30, 4071, 56
12687, 15, 4127, 93
12713, -12, 4220, 55
12712, 7, 4275, 69
12724, -59, 4344, 104
12683, 28, 4448, 139
12718, -32, 4587, 132
12694, -11, 4719, 72
12692, -10, 4791, -24
12690, 71, 4767, -16
12771, -7, 4751, -91
12772, -71, 4660, -73
12704, 62, 4587, -73
12772, -28, 4514, -56
12747, -89, 4458, -57
12669, -18, 4401, -106
12652, -22, 4295, -61
12638, -51, 4234, -77
12595, -110, 4157, -69
12491, -72, 4088, -7
12427, -58, 4081, -31
12374, -21, 4050, -25
12362, -103, 4025, -11
12266, -64, 4014, 12
12207, -41, 4026, 27
12171, -88, 4053, 12
12091, -91, 4065, 41
12009, 35, 4106, 26
12047, 16, 4132, 9
12073, 24, 4141, -2
12100, 37, 4139, 4
12146, 44, 4143, -39
12195, 38, 4104, -41
12240, -22, 4063, -18
12227, 0, 4045, -75
12234, 14, 3970, -18
12256, 14, 3952, 14
12280, 39, 3966, 24
12323, -27, 3990, 20
12303, -7, 4010, 10
12301, -12, 4020, 39
12301, 15, 4059, 2
12322, -20, 4061, 19
12307, 4, 4080, -25
12316, 19, 4055, -2
12343, -17, 4053, 15
12338, 41, 4068, -67
12387, -15, 4001, -24
12376, -7, 3977, 13
12373, 20, 3990, -34
12396, 17, 3956, -30
12422, -29, 3926, -42
12400, -89, 3884, -15
12317, -34, 3869, -39
12287, -6, 3830, -49
12286, 9, 3781, -26
12301, -9, 3755, -12
12294, 10, 3743, 3
12309, 1, 3746, -28
12315, 2, 3718, -35
12325, 59, 3683, -11
12392, -67, 3672, -26
12330, -4, 3646, -9
12331, -44, 3637, -20
12297, -5, 3617, -9
12296, 38, 3608, -14
12339, 17, 3594, -36
12363, -29, 3558, -20
12338, 1, 3538, -17
12348, 104, 3521, 5
12461, -12, 3526, 5
12455, 11, 3531, -29
12473, -18, 3502, -30
12462, -98, 3472, -39
12369, -22, 3433, -10
12357, -14, 3423, -4
12353, 29, 3419, 1
12388, 31, 3420, -26
12427, 37, 3394, 16
12468, 42, 3410, 16
12519, 11, 3426, -9
12541, -10, 3417, 14
12535, 52, 3431, -28
12592, 27, 3403, -11
12629, 33, 3392, -11
12668, -39, 3381, 12
12634, -8, 3393, -1
12635, 5, 3392, -13
12643, -30, 3379, -17
12620, -18, 3362, -10
12606, 33, 3352, -5
12646, 11, 3347, 8
12661, 20, 3355, -21
12687, -34, 3334, -7
12660, 63, 3327, -3
12726, 91, 3324, 13
12822, -27, 3337, -5
12803, -34, 3332, -7
12774, 143, 3325, -4
12920, 76, 3321, -5
13002, -71, 3316, 6
12941, -18, 3322, 12
12926, 117, 3334, 0
13050, 15, 3334, -20
13071, -14, 3314, -4
13066, -12, 3310, -3
13056, -35, 3307, 2
13027, 24, 3309, -1
13056, -22, 3308, 8
13044, -21, 3316, 4
13028, -12, 3320, -18
13025, -2, 3302, 22
13031, -54, 3324, -8
12982, 25, 3316, 0
13015, 36, 3316, -4
13056, 38, 3312, -5
13098, 3, 3307, 22
13109, 10, 3329, 5
13128, 32, 3334, -4
13163, -27, 3330, 6
13139, 39, 3336, -7
13184, -31, 3329, -15
13160, 84, 3314, 11
13250, 63, 3325, 12
13321, -3, 3337, 18
13324, 31, 3355, 6
13365, -6, 3361, 15
13366, 12, 3376, 20
13378, 47, 3396, 26
13433, -5, 3422, -15
13440, 3, 3407, 12
13448, -77, 3419, 1
13383, -33, 3420, -1
13360, 9, 3419, -2
13375, -27, 3417, 4
13356, -46, 3421, -31
13316, 64, 3390, -11
13388, 31, 3379, -12
13428, 64, 3367, -4
13497, 22, 3363, 17
13525, 57, 3380, -1
13587, 6, 3379, 12
13601, 50, 3391, 7
13654, 40, 3398, 3
13703, -12, 3401, 4
13693, -84, 3405, 25
13612, 5, 3430, 5
13620, -5, 3435, -22
13629, 7, 3413, -2
13644, -21, 3411, 9
13628, 11, 3420, 17
13646, 29, 3437, -4
13684, -63, 3433, 2
13625, 97, 3435, -9
13727, -51, 3426, -25
13679, -83, 3401, 3
13601, 1, 3404, 21
13609, 35, 3425, -19
13654, 55, 3406, -4
13714, 10, 3402, 8
13730, -11, 3410, 38
13726, -5, 3448, 14
13728, 20, 3462, -4
13754, 47, 3458, -14
13807, 17, 3444, 6
13830, 116, 3450, 0
13952, 45, 3450, 4
14005, 56, 3454, 26
14070, 78, 3480, -17
14150, 89, 3463, -1
14242, 6, 3462, -7
14256, 24, 3455, -10
14285, 11, 3445, -16
14300, -71, 3429, -16
14238, -8, 3413, 18
14235, 11, 3431, 9
14254, -32, 3440, -9
14228, -35, 3431, -10
14199, -23, 3421, 24
14180, -41, 3445, 28
14145, -1, 3473, 23
14151, 20, 3496, 16
14173, -36, 3512, -1
14144, -20, 3511, -9
14132, -21, 3502, 4
14120, -72, 3506, 6
14052, -93, 3512, 2
13966, -3, 3514, 25
13969, 20, 3539, 20
13996, -26, 3559, -21
13976, -62, 3538, 35
13919, 13, 3573, 16
13940, 50, 3589, 4
13996, -52, 3593, -21
13950, -16, 3572, 3
13939, -48, 3575, 14
13899, 8, 3589, 2
13915, -91, 3591, 6
13831, -18, 3597, -6
13817, -45, 3591, -1
13783, -48, 3590, 27
13743, 2, 3617, 30
13749, -27, 3647, -24
13730, 16, 3623, -12
13756, 14, 3611, -12
13779, -47, 3599, 3
13742, 3, 3602, 4
13750, -81, 3606, -10

and all of that ^^^ was prey30 pred30





