3000, 3000, 3000, 3000, 3000, 3000, 3000, 3000, 3000
3859, 3859, 3773, 3881, 3835, 3795, 3832, 3798, 3752
4151, 4161, 4023, 4187, 4125, 4053, 4129, 4096, 4021
4481, 4459, 4272, 4525, 4401, 4282, 4430, 4402, 4274
4828, 4781, 4527, 4905, 4675, 4520, 4746, 4637, 4473
5249, 5091, 4769, 5310, 4970, 4726, 5132, 4919, 4663
5725, 5425, 5022, 5787, 5263, 4956, 5560, 5218, 4900
6173, 5738, 5274, 6273, 5574, 5184, 6010, 5523, 5148
6624, 6051, 5524, 6736, 5903, 5410, 6467, 5815, 5370
7048, 6358, 5761, 7213, 6209, 5621, 6886, 6147, 5564
7474, 6649, 5965, 7706, 6541, 5836, 7318, 6438, 5780
7855, 6905, 6197, 8155, 6859, 6044, 7703, 6751, 6001
8244, 7204, 6413, 8448, 7192, 6215, 8056, 7030, 6185
8573, 7468, 6641, 8813, 7496, 6388, 8401, 7312, 6386
8870, 7766, 6846, 9101, 7758, 6592, 8650, 7583, 6606
9147, 8044, 7038, 9365, 8026, 6796, 8894, 7860, 6780
9322, 8294, 7215, 9504, 8215, 6974, 9156, 8116, 6900
9535, 8484, 7383, 9691, 8441, 7162, 9296, 8354, 6999
9611, 8638, 7567, 9817, 8645, 7322, 9525, 8588, 7152
9725, 8810, 7724, 9958, 8805, 7504, 9657, 8776, 7293
9759, 8968, 7891, 9912, 8975, 7680, 9660, 8904, 7415
9814, 9160, 8035, 9913, 9133, 7855, 9617, 9053, 7539
9787, 9264, 8172, 9903, 9324, 7978, 9683, 9193, 7676
9842, 9353, 8253, 9889, 9445, 8122, 9759, 9283, 7795
9905, 9386, 8372, 9726, 9506, 8284, 9774, 9413, 7933
9865, 9435, 8428, 9628, 9577, 8389, 9842, 9465, 8045
9800, 9501, 8478, 9503, 9608, 8499, 9775, 9509, 8122
9735, 9537, 8515, 9318, 9589, 8607, 9604, 9600, 8201
9650, 9480, 8583, 9148, 9590, 8710, 9418, 9587, 8291
9441, 9444, 8653, 9024, 9549, 8757, 9233, 9515, 8375
9319, 9381, 8672, 8878, 9515, 8770, 9047, 9463, 8427
9196, 9359, 8710, 8629, 9438, 8829, 8901, 9353, 8486
9134, 9308, 8761, 8417, 9411, 8886, 8751, 9317, 8499
8927, 9271, 8725, 8177, 9321, 8896, 8507, 9267, 8501
8657, 9170, 8702, 7974, 9235, 8890, 8343, 9182, 8495
8442, 9060, 8644, 7742, 9123, 8893, 8167, 9092, 8502
8209, 8944, 8616, 7533, 9033, 8891, 7952, 8988, 8510
8031, 8830, 8596, 7441, 8938, 8860, 7774, 8888, 8498
7742, 8744, 8576, 7274, 8804, 8849, 7515, 8788, 8527
7467, 8644, 8537, 7085, 8646, 8806, 7335, 8619, 8519
7188, 8490, 8495, 6944, 8474, 8746, 7166, 8495, 8485
6954, 8291, 8442, 6735, 8293, 8699, 6967, 8404, 8398
6725, 8122, 8391, 6562, 8175, 8653, 6832, 8264, 8385
6499, 7961, 8316, 6336, 8029, 8583, 6637, 8145, 8335
6271, 7783, 8248, 6103, 7855, 8524, 6488, 8031, 8303
6044, 7643, 8168, 5938, 7672, 8454, 6293, 7902, 8223
5788, 7487, 8091, 5695, 7534, 8396, 6146, 7742, 8130
5636, 7309, 8016, 5549, 7382, 8325, 6000, 7590, 8060
5454, 7191, 7952, 5350, 7204, 8253, 5898, 7449, 7965
5303, 7034, 7864, 5214, 7045, 8161, 5823, 7311, 7895
5144, 6873, 7752, 5095, 6897, 8081, 5708, 7179, 7825
5052, 6748, 7706, 4931, 6747, 7965, 5582, 7055, 7749
4893, 6596, 7638, 4787, 6622, 7859, 5453, 6912, 7657
4764, 6465, 7539, 4672, 6501, 7743, 5348, 6818, 7569
4636, 6343, 7435, 4589, 6369, 7695, 5185, 6686, 7474
4516, 6208, 7347, 4463, 6277, 7609, 5092, 6566, 7379
4402, 6036, 7225, 4326, 6165, 7466, 5000, 6438, 7311
4316, 5882, 7128, 4243, 6038, 7363, 4859, 6312, 7235
4222, 5760, 7042, 4153, 5913, 7285, 4711, 6206, 7138
4140, 5666, 6941, 4037, 5826, 7193, 4627, 6107, 7032
4049, 5529, 6837, 3945, 5708, 7074, 4526, 5959, 6963
3927, 5362, 6718, 3839, 5585, 6978, 4400, 5833, 6901
3831, 5261, 6622, 3735, 5486, 6873, 4261, 5681, 6818
3655, 5147, 6539, 3629, 5397, 6766, 4151, 5564, 6707
3546, 5064, 6439, 3518, 5297, 6675, 4042, 5449, 6583
3458, 4958, 6327, 3427, 5181, 6582, 3949, 5273, 6495
3370, 4836, 6238, 3349, 5083, 6489, 3857, 5138, 6391
3286, 4757, 6166, 3299, 5007, 6383, 3723, 5026, 6288
3252, 4634, 6070, 3239, 4931, 6274, 3639, 4887, 6207
3188, 4548, 5986, 3175, 4815, 6204, 3548, 4781, 6140
3135, 4447, 5910, 3117, 4706, 6129, 3460, 4653, 6046
3097, 4368, 5808, 3032, 4583, 6009, 3353, 4533, 5961
3015, 4290, 5727, 2990, 4492, 5916, 3265, 4454, 5868
2939, 4179, 5648, 2929, 4410, 5848, 3137, 4368, 5752
2915, 4107, 5572, 2869, 4335, 5734, 3032, 4247, 5678
2900, 4027, 5500, 2825, 4240, 5631, 2971, 4142, 5574
2853, 3960, 5410, 2787, 4108, 5541, 2896, 4046, 5487
2807, 3876, 5321, 2735, 4015, 5432, 2851, 3957, 5384
2796, 3790, 5225, 2689, 3937, 5358, 2788, 3857, 5294
2744, 3712, 5148, 2655, 3842, 5257, 2744, 3792, 5216
2691, 3617, 5081, 2625, 3783, 5153, 2682, 3728, 5119
2621, 3521, 5019, 2575, 3714, 5093, 2588, 3630, 5025
2571, 3468, 4912, 2565, 3663, 5029, 2545, 3542, 4926
2555, 3368, 4822, 2545, 3585, 4925, 2501, 3452, 4830
2503, 3294, 4750, 2524, 3525, 4841, 2417, 3361, 4753
2421, 3222, 4677, 2511, 3451, 4771, 2354, 3251, 4648
2357, 3181, 4566, 2475, 3381, 4709, 2309, 3183, 4572
2313, 3124, 4476, 2443, 3328, 4608, 2271, 3113, 4499
2281, 3083, 4422, 2418, 3261, 4543, 2218, 3040, 4445
2251, 3001, 4363, 2379, 3208, 4448, 2181, 2968, 4352
2200, 2943, 4298, 2351, 3164, 4359, 2163, 2895, 4281
2186, 2890, 4234, 2345, 3126, 4274, 2107, 2812, 4198
2161, 2831, 4163, 2312, 3078, 4209, 2081, 2759, 4125
2134, 2779, 4104, 2273, 3014, 4139, 2052, 2687, 4057
2089, 2730, 4039, 2215, 2941, 4057, 2023, 2609, 3985
2045, 2687, 3990, 2183, 2888, 4003, 2002, 2555, 3928
2011, 2632, 3925, 2144, 2827, 3956, 1976, 2509, 3860
1988, 2589, 3860, 2124, 2764, 3918, 1950, 2457, 3794
1960, 2548, 3790, 2098, 2717, 3859, 1939, 2405, 3734
1913, 2498, 3717, 2058, 2684, 3799, 1941, 2353, 3665
1870, 2456, 3667, 2032, 2665, 3724, 1936, 2300, 3599
1833, 2420, 3605, 1988, 2618, 3677, 1899, 2244, 3517
1833, 2372, 3543, 1960, 2548, 3617, 1870, 2203, 3465
1827, 2349, 3494, 1933, 2512, 3579, 1865, 2168, 3412
1787, 2303, 3462, 1900, 2468, 3541, 1849, 2133, 3345
1768, 2259, 3431, 1882, 2433, 3477, 1832, 2091, 3278
1756, 2235, 3388, 1855, 2400, 3418, 1802, 2037, 3228
1752, 2204, 3336, 1826, 2362, 3354, 1766, 2001, 3178
1732, 2179, 3290, 1822, 2320, 3316, 1762, 1961, 3107
1706, 2175, 3240, 1804, 2296, 3273, 1729, 1936, 3052
1671, 2146, 3203, 1778, 2265, 3221, 1713, 1904, 2999
1640, 2120, 3169, 1753, 2223, 3178, 1692, 1873, 2935
1608, 2095, 3153, 1736, 2204, 3146, 1684, 1830, 2879
1579, 2049, 3112, 1672, 2185, 3096, 1647, 1784, 2823
1550, 2017, 3082, 1630, 2147, 3051, 1628, 1761, 2766
1536, 2008, 3043, 1592, 2122, 3001, 1592, 1743, 2722
1516, 1989, 2991, 1577, 2085, 2967, 1568, 1705, 2690
1482, 1969, 2951, 1520, 2065, 2921, 1528, 1696, 2660
1461, 1939, 2907, 1490, 2037, 2881, 1501, 1681, 2614
1438, 1904, 2892, 1464, 2003, 2849, 1464, 1662, 2583
1414, 1875, 2865, 1451, 1967, 2811, 1453, 1638, 2548
1389, 1863, 2833, 1435, 1939, 2777, 1451, 1609, 2506
1392, 1837, 2814, 1405, 1917, 2748, 1425, 1585, 2462
1400, 1820, 2784, 1393, 1886, 2712, 1402, 1551, 2409
1412, 1800, 2748, 1394, 1868, 2682, 1391, 1527, 2363
1427, 1791, 2714, 1368, 1835, 2651, 1379, 1495, 2327
1424, 1779, 2685, 1348, 1821, 2613, 1367, 1482, 2294
1424, 1768, 2668, 1343, 1789, 2583, 1355, 1472, 2249
1420, 1765, 2642, 1344, 1775, 2544, 1361, 1460, 2213
1408, 1746, 2599, 1350, 1763, 2513, 1339, 1458, 2174
1413, 1715, 2553, 1334, 1755, 2494, 1344, 1434, 2154
1393, 1695, 2517, 1319, 1744, 2473, 1337, 1415, 2127
1382, 1686, 2488, 1288, 1741, 2461, 1338, 1396, 2088
1358, 1688, 2466, 1264, 1725, 2428, 1326, 1391, 2062
1356, 1688, 2438, 1256, 1705, 2409, 1300, 1365, 2016
1328, 1670, 2418, 1262, 1695, 2383, 1300, 1352, 1985
1316, 1655, 2400, 1258, 1687, 2358, 1293, 1349, 1959
1290, 1635, 2367, 1242, 1672, 2324, 1277, 1340, 1926
1280, 1615, 2336, 1239, 1672, 2306, 1265, 1323, 1896
1265, 1593, 2299, 1239, 1658, 2287, 1254, 1300, 1869
1259, 1588, 2276, 1244, 1636, 2275, 1239, 1285, 1835
1238, 1582, 2249, 1242, 1631, 2244, 1246, 1269, 1801
1214, 1568, 2237, 1223, 1621, 2209, 1255, 1262, 1783
1201, 1553, 2219, 1209, 1614, 2179, 1254, 1250, 1751
1207, 1531, 2195, 1194, 1599, 2162, 1235, 1248, 1741
1177, 1519, 2177, 1186, 1592, 2148, 1218, 1223, 1715
1181, 1509, 2153, 1168, 1580, 2122, 1217, 1222, 1686
1173, 1500, 2138, 1154, 1564, 2104, 1191, 1215, 1655
1159, 1487, 2113, 1140, 1550, 2094, 1166, 1208, 1625
1144, 1484, 2094, 1122, 1546, 2085, 1127, 1191, 1600
1152, 1473, 2076, 1123, 1536, 2069, 1121, 1190, 1571
1135, 1473, 2051, 1121, 1511, 2062, 1111, 1185, 1555
1130, 1460, 2037, 1112, 1501, 2055, 1098, 1176, 1523
1128, 1456, 2026, 1109, 1490, 2035, 1094, 1166, 1505
1122, 1448, 2010, 1106, 1493, 2021, 1093, 1165, 1475
1125, 1429, 1993, 1111, 1488, 2007, 1093, 1157, 1461
1132, 1409, 1984, 1117, 1461, 1994, 1093, 1152, 1432
1124, 1401, 1973, 1110, 1455, 1983, 1086, 1151, 1415
1126, 1398, 1956, 1113, 1440, 1973, 1088, 1138, 1400
1127, 1379, 1948, 1136, 1425, 1963, 1077, 1120, 1385
1121, 1373, 1942, 1145, 1406, 1938, 1079, 1121, 1375
1116, 1363, 1927, 1130, 1402, 1905, 1077, 1107, 1357
1113, 1357, 1926, 1107, 1379, 1895, 1084, 1091, 1341
1125, 1356, 1907, 1091, 1369, 1867, 1082, 1084, 1335
1113, 1359, 1894, 1088, 1351, 1852, 1098, 1076, 1327
1094, 1358, 1878, 1094, 1346, 1835, 1098, 1069, 1310
1087, 1365, 1873, 1091, 1342, 1826, 1099, 1073, 1296
1074, 1361, 1858, 1102, 1329, 1813, 1095, 1061, 1274
1074, 1348, 1846, 1092, 1323, 1788, 1095, 1063, 1260
1076, 1342, 1830, 1082, 1312, 1780, 1101, 1063, 1250
1063, 1325, 1821, 1074, 1321, 1762, 1098, 1062, 1245
1063, 1313, 1816, 1053, 1318, 1751, 1097, 1061, 1234
1065, 1310, 1791, 1055, 1303, 1742, 1096, 1060, 1224
1054, 1304, 1785, 1052, 1294, 1723, 1091, 1055, 1203
1046, 1305, 1776, 1035, 1276, 1722, 1080, 1062, 1187
1038, 1309, 1769, 1030, 1270, 1711, 1081, 1061, 1178
1032, 1307, 1762, 1000, 1267, 1709, 1084, 1057, 1170
1029, 1303, 1752, 1001, 1258, 1704, 1079, 1043, 1159
1032, 1297, 1743, 997, 1252, 1696, 1081, 1039, 1158
1032, 1293, 1727, 1879, 1248, 1684, 1096, 1026, 1149
1039, 1277, 1727, 1985, 1247, 1671, 1083, 1023, 1136
1040, 1283, 1727, 1964, 1252, 1654, 1089, 1025, 1124
1054, 1267, 1729, 1955, 1255, 1655, 1091, 1023, 1118
1055, 1258, 1716, 1953, 1251, 1649, 1088, 1028, 1116
1036, 1260, 1711, 1964, 1254, 1640, 1090, 1043, 1115
1027, 1254, 1697, 1953, 1259, 1625, 1109, 1042, 1105
1018, 1249, 1692, 1958, 1254, 1611, 1134, 1032, 1097
1019, 1241, 1689, 1961, 1257, 1598, 1156, 1035, 1083
1014, 1236, 1671, 1998, 1265, 1601, 1165, 1035, 1075
1012, 1219, 1668, 1996, 1274, 1592, 1165, 1035, 1065
1020, 1210, 1662, 1976, 1281, 1586, 1160, 1035, 1059
1015, 1194, 1667, 1978, 1277, 1588, 1148, 1038, 1053
1016, 1188, 1656, 1989, 1273, 1591, 1151, 1054, 1043
1019, 1184, 1637, 1961, 1266, 1584, 1140, 1054, 1036
1030, 1160, 1629, 1941, 1256, 1580, 1127, 1057, 1036
1030, 1158, 1627, 1939, 1264, 1571, 1120, 1060, 1033
1027, 1149, 1623, 1939, 1268, 1572, 1110, 1054, 1037
1033, 1147, 1615, 1899, 1275, 1578, 1114, 1052, 1028
1033, 1156, 1608, 1894, 1266, 1577, 1137, 1047, 1023
1029, 1145, 1602, 1855, 1248, 1569, 1134, 1052, 1008
1013, 1138, 1595, 1811, 1249, 1561, 1152, 1042, 996
999, 1129, 1596, 1801, 1254, 1548, 1176, 1036, 1169
1865, 1127, 1590, 1798, 1252, 1540, 1202, 1029, 1192
2006, 1113, 1586, 1786, 1248, 1544, 1197, 1021, 1206
1997, 1104, 1587, 1777, 1244, 1541, 1198, 1014, 1228
2002, 1106, 1578, 1781, 1245, 1547, 1223, 1024, 1240
2002, 1102, 1568, 1758, 1250, 1552, 1243, 1038, 1251
1989, 1103, 1572, 1735, 1248, 1555, 1252, 1029, 1264
1988, 1100, 1568, 1717, 1256, 1557, 1256, 1014, 1262
2003, 1092, 1550, 1722, 1265, 1554, 1255, 1016, 1257
2009, 1080, 1552, 1712, 1260, 1542, 1273, 1018, 1247
2052, 1082, 1550, 1702, 1262, 1538, 1290, 1024, 1246
2027, 1082, 1540, 1684, 1260, 1540, 1298, 1024, 1241
2010, 1086, 1545, 1679, 1264, 1546, 1331, 1019, 1238
1999, 1077, 1542, 1674, 1255, 1539, 1364, 1015, 1232
2032, 1078, 1539, 1675, 1255, 1541, 1382, 1018, 1229
2027, 1091, 1538, 1672, 1264, 1545, 1399, 1019, 1231
1997, 1097, 1528, 1703, 1264, 1551, 1406, 1021, 1229
1972, 1100, 1514, 1738, 1270, 1541, 1419, 1024, 1222
1933, 1100, 1511, 1767, 1272, 1534, 1422, 1031, 1220
1900, 1103, 1499, 1761, 1277, 1533, 1417, 1043, 1209
1861, 1106, 1496, 1772, 1292, 1539, 1401, 1053, 1207
1786, 1110, 1494, 1779, 1316, 1527, 1385, 1040, 1211
1774, 1111, 1490, 1770, 1321, 1532, 1403, 1041, 1197
1776, 1120, 1490, 1749, 1327, 1530, 1395, 1041, 1201
1782, 1124, 1481, 1758, 1325, 1512, 1380, 1042, 1186
1778, 1121, 1480, 1745, 1335, 1507, 1362, 1044, 1183
1752, 1124, 1462, 1751, 1336, 1514, 1352, 1042, 1175
1754, 1128, 1457, 1753, 1341, 1506, 1349, 1043, 1167
1758, 1133, 1452, 1761, 1356, 1504, 1334, 1034, 1165
1756, 1139, 1443, 1749, 1368, 1502, 1319, 1025, 1161
1738, 1144, 1433, 1736, 1386, 1499, 1307, 1028, 1167
1720, 1148, 1436, 1735, 1391, 1502, 1322, 1028, 1163
1707, 1151, 1434, 1771, 1377, 1500, 1346, 1038, 1169
1675, 1154, 1419, 1774, 1364, 1501, 1350, 1049, 1166
1660, 1156, 1409, 1773, 1352, 1494, 1372, 1041, 1173
1630, 1159, 1394, 1762, 1347, 1495, 1399, 1049, 1188
1651, 1172, 1384, 1755, 1339, 1495, 1401, 1052, 1197
1662, 1166, 1376, 1742, 1334, 1500, 1388, 1059, 1213
1661, 1168, 1370, 1768, 1334, 1497, 1405, 1060, 1222
1657, 1182, 1367, 1795, 1336, 1505, 1395, 1060, 1224
1640, 1181, 1356, 1782, 1343, 1502, 1402, 1062, 1234
1602, 1188, 1358, 1772, 1343, 1508, 1412, 1064, 1243
1602, 1201, 1356, 1809, 1346, 1501, 1390, 1066, 1245
1601, 1212, 1351, 1820, 1339, 1491, 1395, 1065, 1250
1610, 1213, 1341, 1814, 1340, 1493, 1405, 1059, 1256
1616, 1205, 1347, 1833, 1335, 1506, 1410, 1055, 1261
1624, 1200, 1334, 1866, 1345, 1497, 1432, 1057, 1264
1622, 1205, 1328, 1853, 1340, 1492, 1468, 1051, 1256
1623, 1214, 1331, 1862, 1338, 1495, 1489, 1051, 1249
1652, 1228, 1335, 1880, 1329, 1511, 1502, 1038, 1242
1645, 1231, 1336, 1901, 1317, 1514, 1511, 1036, 1238
1618, 1237, 1342, 1907, 1302, 1517, 1529, 1035, 1232
1630, 1237, 1339, 1911, 1290, 1514, 1555, 1027, 1233
1645, 1229, 1328, 1923, 1280, 1518, 1534, 1031, 1240
1650, 1230, 1320, 1928, 1287, 1510, 1511, 1025, 1229
1620, 1228, 1305, 1925, 1284, 1511, 1525, 1023, 1234
1595, 1238, 1306, 1924, 1310, 1511, 1528, 1024, 1229
1561, 1238, 1305, 1923, 1311, 1507, 1533, 1025, 1225
1535, 1240, 1302, 1959, 1322, 1509, 1544, 1031, 1237
1523, 1236, 1299, 1983, 1320, 1505, 1542, 1034, 1242
1501, 1229, 1302, 1971, 1319, 1497, 1514, 1041, 1244
1505, 1224, 1311, 1974, 1315, 1485, 1515, 1060, 1246
1522, 1236, 1317, 1981, 1312, 1482, 1533, 1075, 1257
1495, 1236, 1309, 1977, 1320, 1486, 1536, 1088, 1264
1479, 1249, 1306, 1968, 1319, 1490, 1534, 1086, 1273
1461, 1275, 1299, 1971, 1325, 1501, 1534, 1091, 1274
1454, 1284, 1293, 1967, 1322, 1502, 1573, 1096, 1286
1464, 1292, 1289, 1988, 1330, 1501, 1595, 1095, 1295
1465, 1294, 1287, 1973, 1325, 1492, 1585, 1091, 1313
1477, 1303, 1289, 1944, 1327, 1488, 1584, 1099, 1320
1482, 1301, 1287, 1940, 1341, 1487, 1577, 1104, 1336
1471, 1317, 1293, 1951, 1347, 1481, 1590, 1120, 1330
1467, 1338, 1303, 1970, 1372, 1468, 1605, 1127, 1330
1462, 1349, 1304, 1946, 1387, 1468, 1637, 1137, 1324
1463, 1349, 1300, 1931, 1392, 1463, 1639, 1143, 1335
1483, 1364, 1297, 1961, 1401, 1470, 1653, 1146, 1330
1479, 1361, 1293, 1952, 1408, 1467, 1676, 1156, 1337
1469, 1365, 1289, 1925, 1429, 1465, 1689, 1172, 1333
1467, 1369, 1282, 1899, 1434, 1469, 1667, 1194, 1338
1438, 1355, 1286, 1907, 1441, 1484, 1650, 1213, 1325
1415, 1342, 1293, 1898, 1445, 1478, 1650, 1215, 1335
1426, 1339, 1285, 1873, 1455, 1485, 1630, 1214, 1330
1433, 1352, 1285, 1880, 1470, 1472, 1625, 1230, 1338
1435, 1348, 1291, 1889, 1463, 1473, 1616, 1229, 1328
1427, 1359, 1290, 1880, 1468, 1485, 1610, 1239, 1334
1436, 1354, 1278, 1874, 1467, 1479, 1603, 1244, 1333
1460, 1358, 1278, 1867, 1479, 1489, 1585, 1244, 1329
1478, 1358, 1268, 1865, 1493, 1488, 1590, 1271, 1328
1471, 1364, 1276, 1862, 1519, 1499, 1596, 1271, 1334
1468, 1361, 1271, 1853, 1528, 1504, 1588, 1282, 1325
1480, 1362, 1280, 1830, 1541, 1502, 1595, 1281, 1320
1481, 1371, 1258, 1835, 1551, 1509, 1621, 1293, 1326
1503, 1377, 1255, 1812, 1556, 1503, 1616, 1317, 1323
1494, 1361, 1260, 1788, 1549, 1507, 1633, 1326, 1321
1478, 1370, 1261, 1770, 1532, 1498, 1626, 1350, 1318
1485, 1374, 1253, 1747, 1530, 1492, 1622, 1372, 1305
1491, 1389, 1259, 1731, 1514, 1485, 1608, 1384, 1308
1488, 1398, 1262, 1695, 1510, 1481, 1599, 1412, 1312
1476, 1410, 1265, 1683, 1507, 1478, 1573, 1428, 1313
1466, 1418, 1256, 1683, 1502, 1477, 1568, 1442, 1315
1453, 1415, 1267, 1682, 1505, 1476, 1572, 1455, 1316
1435, 1410, 1256, 1671, 1512, 1479, 1559, 1477, 1316
1432, 1412, 1258, 1685, 1516, 1479, 1576, 1485, 1319
1440, 1422, 1251, 1674, 1511, 1483, 1607, 1498, 1310
1441, 1423, 1245, 1664, 1518, 1492, 1620, 1512, 1301
1452, 1427, 1240, 1654, 1531, 1482, 1618, 1512, 1281
1476, 1440, 1238, 1642, 1558, 1481, 1629, 1525, 1278
1509, 1449, 1233, 1650, 1555, 1470, 1654, 1551, 1276
1556, 1459, 1222, 1663, 1563, 1462, 1692, 1563, 1280
1567, 1451, 1227, 1689, 1574, 1461, 1696, 1574, 1284
1603, 1453, 1239, 1699, 1573, 1466, 1708, 1587, 1275
1609, 1449, 1254, 1690, 1577, 1469, 1735, 1582, 1264
1614, 1442, 1258, 1704, 1592, 1473, 1758, 1582, 1271
1615, 1448, 1264, 1718, 1595, 1475, 1785, 1573, 1277
1595, 1460, 1265, 1720, 1615, 1474, 1835, 1579, 1274
1600, 1470, 1264, 1727, 1619, 1460, 1884, 1582, 1276
1609, 1466, 1253, 1737, 1629, 1445, 1879, 1583, 1276
1603, 1461, 1251, 1758, 1654, 1433, 1926, 1577, 1288
1611, 1466, 1246, 1769, 1659, 1435, 1940, 1560, 1288
1624, 1466, 1243, 1774, 1664, 1440, 1952, 1560, 1282
1617, 1472, 1233, 1791, 1685, 1435, 1969, 1566, 1282
1591, 1497, 1237, 1832, 1687, 1434, 1965, 1559, 1288
1594, 1510, 1233, 1878, 1690, 1430, 1959, 1560, 1288
1594, 1522, 1233, 1909, 1700, 1441, 1957, 1565, 1285
1619, 1520, 1233, 1905, 1717, 1439, 1937, 1572, 1297
1612, 1523, 1226, 1921, 1720, 1441, 1946, 1573, 1298
1634, 1531, 1218, 1935, 1726, 1440, 1950, 1575, 1297
1646, 1533, 1222, 1929, 1735, 1431, 1978, 1560, 1291
1638, 1533, 1217, 1912, 1737, 1428, 1987, 1546, 1291
1650, 1527, 1223, 1881, 1723, 1426, 2029, 1562, 1299
1642, 1546, 1224, 1840, 1728, 1415, 2055, 1569, 1308
1659, 1554, 1220, 1821, 1728, 1412, 2072, 1568, 1307
1667, 1560, 1212, 1805, 1716, 1407, 2077, 1562, 1324
1687, 1560, 1206, 1819, 1708, 1398, 2064, 1566, 1326
1712, 1561, 1201, 1845, 1725, 1400, 2097, 1559, 1323
1724, 1555, 1201, 1835, 1733, 1387, 2137, 1551, 1317
1722, 1564, 1203, 1871, 1730, 1403, 2193, 1543, 1323
1716, 1571, 1205, 1881, 1741, 1398, 2227, 1536, 1326
1735, 1582, 1197, 1933, 1757, 1399, 2255, 1537, 1339
1746, 1584, 1196, 1945, 1772, 1395, 2263, 1541, 1340
1733, 1592, 1196, 1959, 1781, 1403, 2285, 1553, 1337
1750, 1596, 1191, 1996, 1793, 1395, 2342, 1574, 1347
1737, 1611, 1197, 1980, 1814, 1395, 2397, 1566, 1350
1720, 1613, 1201, 1995, 1825, 1404, 2413, 1576, 1343
1692, 1632, 1212, 1982, 1834, 1400, 2481, 1582, 1332
1708, 1648, 1210, 1965, 1857, 1398, 2531, 1574, 1336
1715, 1637, 1210, 1970, 1863, 1392, 2586, 1569, 1338
1736, 1637, 1218, 1996, 1873, 1381, 2615, 1558, 1337
1741, 1646, 1219, 1999, 1882, 1385, 2672, 1540, 1325
1734, 1662, 1214, 1988, 1897, 1393, 2687, 1550, 1325
1754, 1687, 1215, 2016, 1912, 1387, 2764, 1541, 1320
1762, 1711, 1223, 1986, 1931, 1375, 2794, 1538, 1316
1771, 1734, 1223, 1978, 1956, 1374, 2852, 1541, 1319
1761, 1747, 1226, 1950, 1961, 1367, 2864, 1534, 1323
1748, 1760, 1220, 1931, 1965, 1370, 2843, 1540, 1314
1764, 1764, 1222, 1931, 1983, 1370, 2865, 1535, 1320
1776, 1769, 1221, 1926, 2002, 1361, 2852, 1535, 1320
1787, 1768, 1224, 1923, 2023, 1356, 2816, 1526, 1314
1826, 1777, 1231, 1934, 2010, 1336, 2792, 1531, 1309
1807, 1799, 1237, 1921, 2022, 1327, 2742, 1534, 1301
1815, 1806, 1253, 1929, 2032, 1324, 2754, 1545, 1295
1810, 1802, 1259, 1951, 2052, 1323, 2754, 1558, 1295
1832, 1801, 1256, 1968, 2081, 1317, 2779, 1583, 1296
1818, 1811, 1269, 1978, 2098, 1320, 2778, 1604, 1299
1823, 1826, 1280, 1972, 2117, 1322, 2757, 1623, 1280
1830, 1829, 1287, 1977, 2141, 1327, 2753, 1631, 1291
1873, 1849, 1298, 1973, 2160, 1326, 2752, 1631, 1302
1871, 1863, 1297, 2001, 2202, 1334, 2771, 1641, 1300
1888, 1881, 1287, 1998, 2228, 1335, 2742, 1662, 1301
1890, 1898, 1270, 1981, 2272, 1341, 2743, 1687, 1309
1937, 1896, 1279, 2007, 2292, 1342, 2726, 1704, 1304
1955, 1919, 1276, 2015, 2302, 1341, 2761, 1733, 1303
1939, 1926, 1278, 2014, 2299, 1344, 2797, 1758, 1307
1924, 1930, 1279, 2010, 2305, 1363, 2843, 1792, 1315
1919, 1915, 1286, 2018, 2314, 1363, 2848, 1826, 1313
1919, 1926, 1285, 2021, 2324, 1354, 2847, 1857, 1292
1910, 1924, 1292, 2029, 2316, 1369, 2854, 1863, 1298
1917, 1929, 1292, 2069, 2321, 1375, 2845, 1872, 1311
1899, 1933, 1283, 2091, 2327, 1377, 2864, 1884, 1302
1928, 1940, 1294, 2102, 2346, 1376, 2877, 1903, 1301
1962, 1947, 1306, 2143, 2360, 1382, 2884, 1913, 1294
1986, 1945, 1317, 2160, 2354, 1382, 2883, 1903, 1302
1998, 1935, 1329, 2185, 2349, 1388, 2894, 1904, 1292
2037, 1925, 1330, 2184, 2369, 1397, 2907, 1929, 1303
2033, 1912, 1338, 2224, 2409, 1410, 2874, 1951, 1301
2023, 1896, 1352, 2260, 2447, 1416, 2867, 1961, 1301
2057, 1890, 1369, 2273, 2469, 1415, 2850, 1976, 1287
2086, 1888, 1381, 2308, 2484, 1422, 2791, 1999, 1283
2091, 1908, 1395, 2329, 2496, 1429, 2751, 2010, 1277
2088, 1922, 1394, 2300, 2509, 1434, 2746, 2028, 1267
2093, 1925, 1401, 2260, 2490, 1438, 2738, 2044, 1260
2083, 1925, 1418, 2236, 2485, 1443, 2706, 2081, 1265
2094, 1957, 1422, 2266, 2480, 1442, 2715, 2094, 1266
2089, 1964, 1422, 2295, 2480, 1456, 2747, 2118, 1268
2063, 1986, 1429, 2303, 2475, 1466, 2757, 2153, 1263
2051, 1996, 1421, 2297, 2471, 1488, 2764, 2179, 1251
2035, 1994, 1414, 2319, 2490, 1503, 2752, 2193, 1258
2025, 2021, 1407, 2350, 2504, 1531, 2711, 2230, 1255
2050, 2054, 1386, 2366, 2513, 1560, 2669, 2252, 1265
2066, 2071, 1387, 2344, 2505, 1582, 2660, 2294, 1272
2088, 2080, 1381, 2343, 2522, 1606, 2663, 2324, 1278
2114, 2089, 1379, 2324, 2530, 1624, 2657, 2348, 1281
2123, 2099, 1374, 2357, 2531, 1644, 2659, 2370, 1282
2124, 2095, 1371, 2360, 2543, 1643, 2666, 2376, 1269
2127, 2107, 1356, 2354, 2559, 1646, 2702, 2421, 1272
2150, 2108, 1347, 2362, 2593, 1657, 2720, 2446, 1277
2141, 2130, 1335, 2363, 2622, 1644, 2756, 2470, 1277
2154, 2140, 1334, 2371, 2638, 1648, 2764, 2509, 1273
2145, 2161, 1323, 2392, 2631, 1661, 2774, 2526, 1275
2132, 2156, 1314, 2362, 2633, 1673, 2773, 2559, 1272
2123, 2164, 1303, 2395, 2668, 1683, 2783, 2572, 1274
2129, 2179, 1305, 2405, 2692, 1678, 2792, 2596, 1272
2129, 2186, 1292, 2416, 2701, 1679, 2806, 2601, 1276
2125, 2210, 1285, 2455, 2684, 1689, 2827, 2627, 1277
2137, 2223, 1272, 2427, 2684, 1691, 2839, 2679, 1278
2149, 2229, 1280, 2425, 2715, 1697, 2862, 2696, 1287
2143, 2233, 1285, 2384, 2735, 1681, 2864, 2713, 1282
2137, 2242, 1289, 2363, 2723, 1677, 2872, 2736, 1284
2142, 2247, 1292, 2349, 2726, 1667, 2860, 2726, 1288
2150, 2227, 1277, 2370, 2736, 1647, 2858, 2712, 1281
2147, 2209, 1283, 2398, 2735, 1629, 2873, 2718, 1288
2160, 2219, 1277, 2448, 2734, 1629, 2918, 2716, 1291
2160, 2220, 1286, 2468, 2732, 1625, 2943, 2737, 1295
2183, 2227, 1284, 2513, 2744, 1631, 2951, 2727, 1295
2171, 2240, 1289, 2554, 2741, 1634, 2952, 2758, 1300
2152, 2228, 1295, 2636, 2756, 1643, 2893, 2769, 1307
2189, 2216, 1282, 2717, 2750, 1628, 2847, 2809, 1311
2199, 2237, 1282, 2776, 2781, 1624, 2855, 2838, 1315
2247, 2244, 1283, 2829, 2802, 1631, 2809, 2846, 1324
2273, 2274, 1285, 2885, 2811, 1640, 2812, 2815, 1318
2312, 2306, 1297, 2887, 2835, 1666, 2788, 2815, 1321
2316, 2332, 1294, 2886, 2824, 1687, 2765, 2828, 1329
2358, 2338, 1305, 2864, 2825, 1713, 2778, 2842, 1331
2385, 2361, 1304, 2854, 2834, 1731, 2763, 2830, 1337
2408, 2372, 1301, 2843, 2840, 1737, 2769, 2827, 1331
2446, 2388, 1307, 2788, 2832, 1738, 2770, 2846, 1331
2470, 2373, 1309, 2801, 2831, 1731, 2805, 2849, 1342
2502, 2364, 1316, 2759, 2808, 1726, 2841, 2870, 1347
2514, 2379, 1337, 2748, 2830, 1711, 2888, 2882, 1340
2522, 2395, 1343, 2743, 2803, 1726, 2868, 2902, 1339
2545, 2409, 1345, 2722, 2777, 1739, 2906, 2920, 1350
2571, 2407, 1354, 2672, 2776, 1750, 2860, 2918, 1350
2588, 2397, 1348, 2665, 2760, 1748, 2820, 2929, 1352
2606, 2408, 1349, 2671, 2735, 1746, 2839, 2925, 1355
2611, 2418, 1348, 2675, 2712, 1738, 2815, 2942, 1358
2641, 2416, 1344, 2673, 2704, 1731, 2822, 2950, 1358
2666, 2419, 1346, 2664, 2691, 1722, 2809, 2951, 1366
2683, 2436, 1369, 2691, 2665, 1703, 2765, 2936, 1379
2695, 2444, 1370, 2710, 2660, 1703, 2792, 2930, 1390
2700, 2464, 1372, 2708, 2649, 1703, 2798, 2941, 1398
2726, 2463, 1374, 2749, 2640, 1695, 2824, 2934, 1396
2734, 2455, 1374, 2758, 2621, 1700, 2815, 2919, 1389
2740, 2479, 1381, 2743, 2605, 1707, 2818, 2908, 1386
2707, 2505, 1399, 2749, 2595, 1711, 2821, 2910, 1390
2715, 2530, 1396, 2732, 2580, 1712, 2823, 2875, 1401
2749, 2546, 1405, 2772, 2562, 1712, 2842, 2881, 1423
2744, 2545, 1409, 2771, 2566, 1708, 2847, 2871, 1428
2739, 2544, 1416, 2799, 2540, 1709, 2857, 2870, 1446
2712, 2543, 1428, 2801, 2517, 1713, 2838, 2857, 1454
2696, 2573, 1429, 2813, 2513, 1707, 2790, 2822, 1455
2680, 2594, 1433, 2816, 2501, 1692, 2743, 2827, 1462
2659, 2601, 1436, 2825, 2507, 1707, 2729, 2808, 1461
2619, 2621, 1438, 2856, 2513, 1724, 2719, 2807, 1451
2600, 2641, 1436, 2849, 2486, 1743, 2741, 2793, 1451
2599, 2643, 1429, 2827, 2494, 1760, 2796, 2757, 1445
2599, 2651, 1428, 2822, 2498, 1764, 2855, 2760, 1448
2635, 2669, 1429, 2856, 2516, 1766, 2912, 2761, 1436
2653, 2706, 1431, 2874, 2497, 1756, 2907, 2763, 1430
2678, 2759, 1432, 2886, 2462, 1749, 2939, 2751, 1437
2663, 2810, 1441, 2872, 2440, 1756, 2943, 2742, 1440
2648, 2868, 1451, 2867, 2426, 1750, 2953, 2747, 1442
2650, 2916, 1454, 2854, 2404, 1755, 2957, 2737, 1445
2630, 2995, 1442, 2842, 2404, 1755, 2977, 2728, 1448
2615, 3092, 1438, 2821, 2404, 1758, 3014, 2711, 1451
2630, 3199, 1453, 2809, 2407, 1757, 3023, 2696, 1452
2612, 3284, 1454, 2791, 2424, 1757, 3073, 2692, 1451
2617, 3329, 1460, 2737, 2433, 1765, 3062, 2686, 1465
2616, 3381, 1470, 2727, 2442, 1774, 3079, 2666, 1472
2621, 3414, 1474, 2719, 2445, 1777, 3060, 2662, 1467
2640, 3456, 1486, 2703, 2436, 1766, 3064, 2661, 1468
2624, 3477, 1479, 2738, 2426, 1758, 3056, 2643, 1483
2640, 3483, 1499, 2702, 2451, 1757, 3042, 2632, 1474
2612, 3453, 1495, 2698, 2455, 1757, 3022, 2632, 1468
2589, 3388, 1503, 2724, 2483, 1761, 2994, 2608, 1474
2594, 3332, 1520, 2717, 2485, 1767, 2960, 2583, 1473
2576, 3309, 1535, 2697, 2470, 1774, 2920, 2570, 1480
2582, 3292, 1543, 2691, 2470, 1776, 2895, 2554, 1484
2565, 3258, 1554, 2671, 2464, 1777, 2817, 2525, 1499
2558, 3199, 1546, 2632, 2459, 1784, 2808, 2515, 1507
2536, 3190, 1552, 2606, 2479, 1777, 2801, 2516, 1504
2520, 3167, 1551, 2597, 2486, 1773, 2769, 2524, 1510
2536, 3135, 1545, 2579, 2479, 1778, 2781, 2543, 1508
2516, 3158, 1548, 2587, 2470, 1789, 2795, 2544, 1514
2500, 3147, 1555, 2582, 2468, 1791, 2830, 2549, 1515
2491, 3113, 1563, 2585, 2477, 1792, 2806, 2545, 1517
2504, 3071, 1567, 2580, 2475, 1791, 2854, 2542, 1515
2487, 3052, 1568, 2583, 2506, 1789, 2864, 2559, 1517
2487, 3049, 1580, 2607, 2501, 1791, 2880, 2555, 1530
2515, 3018, 1571, 2608, 2476, 1800, 2893, 2543, 1534
2529, 3022, 1572, 2619, 2476, 1805, 2872, 2525, 1553
2535, 3014, 1565, 2657, 2472, 1817, 2904, 2540, 1552
2545, 3005, 1569, 2677, 2489, 1822, 2958, 2550, 1564
2549, 3004, 1580, 2707, 2485, 1834, 2954, 2568, 1567
2548, 2990, 1580, 2709, 2507, 1836, 2976, 2576, 1577
2531, 2963, 1585, 2731, 2512, 1831, 2985, 2566, 1573
2527, 2936, 1590, 2743, 2498, 1850, 2987, 2549, 1575
2538, 2913, 1596, 2723, 2493, 1862, 2984, 2563, 1581
2562, 2892, 1597, 2726, 2485, 1856, 2975, 2590, 1581
2591, 2894, 1604, 2755, 2467, 1844, 2965, 2598, 1598
2604, 2884, 1619, 2754, 2459, 1832, 2958, 2604, 1605
2616, 2877, 1621, 2780, 2436, 1828, 2929, 2609, 1612
2610, 2869, 1615, 2798, 2449, 1833, 2902, 2632, 1627
2596, 2859, 1617, 2818, 2451, 1830, 2848, 2649, 1639
2581, 2844, 1618, 2821, 2475, 1821, 2851, 2669, 1650
2605, 2827, 1600, 2843, 2517, 1816, 2857, 2679, 1666
2595, 2817, 1589, 2824, 2546, 1825, 2844, 2678, 1693
2589, 2816, 1574, 2844, 2563, 1820, 2834, 2681, 1702
2559, 2807, 1569, 2841, 2594, 1830, 2847, 2712, 1713
2561, 2793, 1565, 2875, 2617, 1815, 2804, 2716, 1732
2589, 2770, 1562, 2901, 2640, 1817, 2798, 2725, 1735
2560, 2773, 1567, 2906, 2657, 1827, 2749, 2709, 1736
2563, 2748, 1574, 2928, 2645, 1824, 2737, 2683, 1731
2572, 2731, 1578, 2855, 2641, 1827, 2677, 2670, 1741
2567, 2721, 1582, 2828, 2627, 1825, 2670, 2655, 1737
2534, 2728, 1590, 2790, 2616, 1840, 2671, 2662, 1736
2543, 2730, 1597, 2763, 2573, 1847, 2668, 2673, 1745
2541, 2708, 1611, 2753, 2522, 1861, 2655, 2692, 1745
2565, 2699, 1619, 2719, 2522, 1880, 2636, 2677, 1735
2565, 2703, 1606, 2704, 2503, 1882, 2589, 2668, 1745
2532, 2687, 1617, 2684, 2496, 1882, 2582, 2653, 1747
2542, 2687, 1613, 2716, 2468, 1888, 2561, 2642, 1742
2535, 2688, 1620, 2713, 2434, 1886, 2530, 2637, 1753
2551, 2678, 1620, 2696, 2422, 1893, 2536, 2626, 1746
2551, 2682, 1615, 2660, 2388, 1898, 2516, 2630, 1744
2554, 2693, 1624, 2629, 2366, 1905, 2499, 2638, 1744
2579, 2695, 1630, 2632, 2358, 1909, 2510, 2642, 1726
2589, 2687, 1646, 2652, 2354, 1920, 2511, 2636, 1744
2598, 2672, 1644, 2655, 2345, 1929, 2525, 2627, 1747
2562, 2676, 1649, 2679, 2336, 1931, 2544, 2633, 1761
2552, 2676, 1659, 2684, 2330, 1948, 2551, 2637, 1759
2568, 2676, 1668, 2668, 2349, 1951, 2552, 2645, 1760
2556, 2654, 1690, 2680, 2342, 1971, 2516, 2665, 1757
2577, 2655, 1692, 2683, 2342, 1995, 2523, 2665, 1763
2607, 2644, 1694, 2676, 2327, 1990, 2524, 2656, 1781
2631, 2652, 1681, 2671, 2338, 1989, 2529, 2653, 1786
2636, 2628, 1679, 2669, 2342, 1995, 2546, 2642, 1780
2669, 2627, 1683, 2689, 2351, 1995, 2576, 2639, 1786
2713, 2621, 1676, 2694, 2340, 1974, 2613, 2650, 1788
2719, 2610, 1684, 2727, 2330, 1979, 2605, 2646, 1805
2702, 2604, 1685, 2718, 2326, 1983, 2624, 2661, 1815
2662, 2567, 1681, 2731, 2306, 1982, 2621, 2682, 1821
2640, 2553, 1671, 2717, 2305, 1991, 2579, 2688, 1832
2651, 2565, 1662, 2748, 2288, 1998, 2576, 2690, 1851
2643, 2539, 1658, 2714, 2287, 1984, 2564, 2699, 1858
2641, 2538, 1663, 2711, 2272, 1982, 2539, 2699, 1846
2640, 2525, 1650, 2675, 2276, 1980, 2517, 2712, 1846
2653, 2524, 1643, 2628, 2279, 1988, 2536, 2723, 1845
2659, 2538, 1627, 2609, 2273, 1991, 2493, 2716, 1851
2667, 2541, 1622, 2607, 2294, 1989, 2454, 2711, 1855
2627, 2522, 1622, 2568, 2298, 1986, 2450, 2703, 1846
2583, 2491, 1611, 2514, 2308, 1979, 2425, 2710, 1821
2564, 2509, 1627, 2521, 2327, 1976, 2415, 2715, 1822
2541, 2504, 1642, 2521, 2314, 1975, 2409, 2697, 1824
2537, 2506, 1656, 2526, 2326, 1986, 2387, 2707, 1816
2558, 2498, 1666, 2518, 2291, 2005, 2368, 2696, 1813
2555, 2492, 1692, 2557, 2273, 2022, 2345, 2712, 1813
2518, 2493, 1715, 2544, 2249, 2015, 2381, 2721, 1799
2505, 2466, 1714, 2519, 2229, 2014, 2381, 2724, 1797
2516, 2468, 1730, 2526, 2228, 2015, 2398, 2720, 1772
2523, 2469, 1748, 2561, 2220, 2027, 2375, 2681, 1758
2499, 2482, 1765, 2563, 2199, 2026, 2385, 2660, 1749
2515, 2488, 1781, 2562, 2196, 2039, 2384, 2664, 1748
2485, 2489, 1801, 2571, 2203, 2040, 2367, 2629, 1742
2489, 2493, 1797, 2594, 2202, 2044, 2384, 2617, 1727
2494, 2501, 1801, 2604, 2217, 2053, 2383, 2601, 1729
2503, 2504, 1810, 2605, 2234, 2066, 2327, 2616, 1727
2474, 2507, 1821, 2567, 2239, 2070, 2300, 2621, 1711
2469, 2498, 1829, 2551, 2250, 2066, 2268, 2610, 1711
2457, 2498, 1831, 2527, 2225, 2062, 2211, 2594, 1722
2427, 2484, 1822, 2480, 2209, 2054, 2158, 2596, 1718
2431, 2459, 1821, 2472, 2199, 2057, 2127, 2609, 1710
2422, 2453, 1818, 2481, 2194, 2040, 2100, 2603, 1704
2398, 2456, 1808, 2423, 2154, 2048, 2102, 2595, 1707
2405, 2453, 1809, 2401, 2136, 2060, 2073, 2586, 1710
2399, 2439, 1803, 2369, 2121, 2088, 2039, 2570, 1709
2371, 2414, 1808, 2379, 2117, 2103, 2028, 2568, 1716
2369, 2410, 1813, 2357, 2095, 2108, 2022, 2558, 1722
2404, 2400, 1826, 2332, 2084, 2114, 2020, 2554, 1719
2410, 2387, 1818, 2305, 2046, 2107, 1989, 2544, 1709
2423, 2384, 1825, 2295, 2045, 2109, 1984, 2514, 1704
2439, 2392, 1823, 2275, 2028, 2108, 1970, 2518, 1690
2408, 2404, 1827, 2289, 2004, 2113, 1960, 2525, 1693
2415, 2405, 1827, 2278, 1997, 2107, 1950, 2552, 1694
2440, 2414, 1840, 2241, 1981, 2101, 1958, 2556, 1709
2441, 2413, 1857, 2234, 1976, 2099, 1962, 2541, 1709
2453, 2403, 1856, 2246, 1955, 2105, 1958, 2537, 1711
2450, 2393, 1856, 2268, 1944, 2110, 1948, 2550, 1716
2452, 2376, 1852, 2245, 1950, 2107, 1957, 2549, 1712
2441, 2360, 1847, 2244, 1942, 2106, 1959, 2522, 1697
2420, 2342, 1844, 2256, 1938, 2097, 1950, 2513, 1693
2396, 2331, 1839, 2255, 1935, 2091, 1950, 2507, 1691
2425, 2316, 1832, 2256, 1932, 2082, 1958, 2491, 1680
2428, 2287, 1827, 2246, 1943, 2073, 1945, 2498, 1678
2408, 2269, 1817, 2212, 1912, 2069, 1926, 2494, 1670
2418, 2276, 1800, 2188, 1920, 2061, 1892, 2459, 1662
2431, 2253, 1805, 2133, 1924, 2063, 1884, 2447, 1649
2435, 2247, 1818, 2127, 1914, 2064, 1871, 2449, 1644
2435, 2229, 1822, 2128, 1909, 2062, 1850, 2431, 1632
2409, 2216, 1830, 2158, 1908, 2049, 1828, 2405, 1628
2392, 2209, 1817, 2189, 1879, 2062, 1813, 2396, 1629
2367, 2214, 1811, 2204, 1884, 2065, 1802, 2377, 1614
2344, 2212, 1796, 2241, 1876, 2075, 1800, 2390, 1610
2337, 2214, 1785, 2247, 1882, 2104, 1789, 2400, 1594
2321, 2203, 1782, 2237, 1894, 2124, 1784, 2413, 1595
2316, 2193, 1795, 2229, 1897, 2120, 1763, 2420, 1590
2341, 2206, 1801, 2212, 1890, 2124, 1741, 2410, 1597
2303, 2202, 1799, 2190, 1890, 2118, 1725, 2397, 1597
2286, 2170, 1789, 2168, 1879, 2128, 1715, 2409, 1597
2281, 2151, 1785, 2165, 1878, 2134, 1723, 2430, 1606
2294, 2145, 1786, 2136, 1858, 2134, 1755, 2445, 1600
2307, 2151, 1781, 2142, 1839, 2130, 1791, 2455, 1606
2333, 2146, 1771, 2137, 1814, 2126, 1789, 2431, 1601
2363, 2124, 1771, 2125, 1811, 2134, 1801, 2427, 1604
2365, 2122, 1770, 2115, 1788, 2136, 1830, 2426, 1599
2339, 2105, 1773, 2075, 1776, 2139, 1813, 2422, 1595
2358, 2110, 1778, 2049, 1763, 2151, 1823, 2379, 1608
2361, 2109, 1748, 2020, 1740, 2157, 1811, 2325, 1613
2310, 2072, 1736, 1991, 1728, 2160, 1836, 2309, 1608
2324, 2055, 1743, 1973, 1721, 2162, 1843, 2293, 1607
2348, 2044, 1758, 1960, 1733, 2177, 1870, 2266, 1610
2351, 2057, 1756, 1949, 1725, 2178, 1875, 2235, 1605
2375, 2041, 1747, 1961, 1734, 2196, 1864, 2216, 1588
2380, 2063, 1766, 1950, 1715, 2188, 1831, 2205, 1587
2384, 2059, 1747, 1990, 1698, 2187, 1817, 2181, 1596
2368, 2065, 1743, 1981, 1691, 2189, 1805, 2158, 1599
2348, 2063, 1738, 1959, 1689, 2190, 1788, 2146, 1598
2367, 2068, 1722, 1967, 1678, 2185, 1796, 2132, 1585
2364, 2057, 1729, 1934, 1671, 2178, 1773, 2123, 1589
2349, 2059, 1735, 1934, 1667, 2162, 1755, 2106, 1601
2322, 2059, 1748, 1915, 1662, 2158, 1756, 2086, 1608
2324, 2038, 1765, 1918, 1646, 2159, 1754, 2068, 1626
2343, 2047, 1779, 1933, 1662, 2158, 1748, 2047, 1644
2328, 2049, 1787, 1962, 1675, 2163, 1755, 2020, 1646
2320, 2031, 1806, 1985, 1682, 2158, 1774, 1982, 1648
2310, 2020, 1834, 2014, 1676, 2176, 1796, 1967, 1657
2307, 2015, 1835, 2032, 1681, 2171, 1797, 1938, 1661
2275, 1987, 1831, 2038, 1678, 2179, 1784, 1919, 1661
2283, 1970, 1839, 2056, 1694, 2176, 1792, 1878, 1647
2274, 1963, 1847, 2048, 1682, 2161, 1749, 1837, 1654
2272, 1958, 1849, 2031, 1680, 2163, 1723, 1829, 1676
2282, 1941, 1846, 2025, 1673, 2165, 1713, 1819, 1686
2293, 1935, 1854, 2043, 1659, 2162, 1723, 1813, 1669
2309, 1945, 1862, 2023, 1653, 2171, 1707, 1788, 1669
2322, 1935, 1858, 2014, 1638, 2170, 1683, 1780, 1669
2340, 1919, 1866, 1991, 1662, 2149, 1656, 1778, 1666
2331, 1912, 1873, 1953, 1682, 2148, 1604, 1755, 1675
2305, 1897, 1876, 1931, 1684, 2147, 1582, 1740, 1674
2278, 1892, 1881, 1887, 1685, 2144, 1586, 1737, 1675
2255, 1893, 1872, 1872, 1701, 2134, 1594, 1717, 1684
2237, 1890, 1867, 1901, 1709, 2131, 1574, 1716, 1696
2206, 1875, 1867, 1894, 1696, 2109, 1560, 1700, 1718
2184, 1868, 1863, 1875, 1697, 2076, 1530, 1683, 1723
2158, 1863, 1852, 1871, 1689, 2068, 1503, 1674, 1731
2145, 1839, 1867, 1878, 1680, 2069, 1494, 1663, 1737
2140, 1829, 1872, 1867, 1669, 2063, 1497, 1673, 1747
2142, 1848, 1865, 1887, 1635, 2054, 1486, 1659, 1747
2154, 1848, 1880, 1895, 1630, 2052, 1493, 1643, 1770
2182, 1865, 1879, 1909, 1625, 2063, 1489, 1635, 1771
2163, 1893, 1870, 1931, 1603, 2071, 1494, 1637, 1781
2201, 1925, 1870, 1967, 1579, 2063, 1519, 1632, 1780
2190, 1987, 1865, 1954, 1571, 2072, 1529, 1619, 1787
2180, 2059, 1872, 1954, 1574, 2074, 1553, 1614, 1796
2187, 2148, 1876, 1951, 1580, 2074, 1579, 1614, 1797
2217, 2256, 1871, 1960, 1586, 2077, 1557, 1589, 1810
2228, 2331, 1884, 1975, 1584, 2079, 1570, 1568, 1822
2242, 2358, 1880, 1976, 1591, 2088, 1567, 1569, 1817
2272, 2358, 1875, 1975, 1602, 2077, 1596, 1590, 1832
2268, 2379, 1875, 1968, 1584, 2069, 1584, 1611, 1847
2291, 2415, 1877, 1961, 1595, 2070, 1569, 1618, 1843
2253, 2428, 1871, 1947, 1591, 2077, 1549, 1627, 1829
2199, 2385, 1885, 1970, 1585, 2059, 1555, 1651, 1837
2204, 2353, 1887, 1982, 1590, 2050, 1555, 1664, 1837
2192, 2286, 1894, 2012, 1594, 2052, 1547, 1685, 1839
2183, 2224, 1902, 2029, 1594, 2056, 1541, 1695, 1840
2182, 2138, 1890, 2031, 1601, 2044, 1542, 1701, 1841
2146, 2055, 1890, 2047, 1612, 2045, 1555, 1705, 1845
2137, 2010, 1889, 2091, 1620, 2043, 1542, 1704, 1859
2149, 1954, 1911, 2107, 1624, 2041, 1516, 1710, 1871
2134, 1907, 1909, 2121, 1636, 2053, 1500, 1697, 1862
2094, 1870, 1911, 2159, 1612, 2054, 1509, 1671, 1857
2074, 1833, 1898, 2170, 1607, 2043, 1508, 1647, 1869
2069, 1785, 1905, 2174, 1609, 2036, 1513, 1620, 1861
2077, 1773, 1910, 2211, 1608, 2037, 1517, 1597, 1861
2049, 1750, 1895, 2219, 1606, 2043, 1511, 1583, 1875
2035, 1736, 1895, 2240, 1599, 2035, 1510, 1560, 1863
2016, 1738, 1894, 2256, 1610, 2025, 1494, 1515, 1855
2005, 1725, 1887, 2289, 1588, 2005, 1499, 1507, 1858
1997, 1710, 1882, 2317, 1582, 2008, 1508, 1499, 1866
1996, 1691, 1887, 2318, 1579, 2010, 1487, 1482, 1856
1971, 1672, 1884, 2299, 1590, 2014, 1485, 1481, 1868
1936, 1680, 1877, 2295, 1609, 2013, 1470, 1474, 1863
1916, 1670, 1880, 2254, 1608, 2009, 1483, 1467, 1872
1919, 1655, 1897, 2241, 1620, 2004, 1470, 1441, 1878
1894, 1661, 1901, 2220, 1615, 2002, 1475, 1452, 1879
1891, 1654, 1902, 2181, 1610, 2014, 1482, 1441, 1890
1888, 1641, 1908, 2169, 1607, 2016, 1481, 1450, 1888
1909, 1640, 1913, 2146, 1596, 2016, 1460, 1467, 1875
1917, 1631, 1908, 2151, 1590, 2004, 1462, 1485, 1872
1922, 1629, 1916, 2121, 1602, 2000, 1481, 1475, 1874
1922, 1622, 1920, 2092, 1587, 2000, 1468, 1488, 1871
1928, 1627, 1936, 2094, 1589, 2000, 1467, 1506, 1871
1915, 1637, 1951, 2056, 1573, 1993, 1442, 1496, 1881
1904, 1638, 1955, 2009, 1565, 1980, 1436, 1500, 1885
1891, 1639, 1956, 1997, 1557, 1981, 1438, 1495, 1875
1911, 1640, 1961, 1963, 1541, 1985, 1417, 1498, 1877
1919, 1639, 1961, 1944, 1526, 1981, 1450, 1496, 1880
1905, 1638, 1965, 1936, 1509, 1978, 1465, 1520, 1874
1911, 1639, 1963, 1932, 1496, 1975, 1458, 1530, 1873
1906, 1630, 1957, 1955, 1487, 1972, 1462, 1556, 1861
1901, 1620, 1969, 1986, 1475, 1979, 1456, 1581, 1863
1869, 1615, 1981, 1999, 1470, 1970, 1463, 1605, 1849
1860, 1611, 1993, 2000, 1452, 1951, 1472, 1639, 1851
1843, 1592, 2023, 1975, 1446, 1933, 1474, 1672, 1837
1822, 1592, 2023, 1982, 1439, 1922, 1488, 1715, 1832
1830, 1574, 2035, 1994, 1432, 1913, 1468, 1782, 1835
1835, 1566, 2051, 1995, 1421, 1903, 1477, 1886, 1828
1815, 1556, 2075, 2002, 1430, 1904, 1458, 2052, 1823
1808, 1549, 2116, 2023, 1425, 1915, 1489, 2285, 1821
1823, 1542, 2181, 2011, 1436, 1921, 1492, 2618, 1817
1843, 1522, 2252, 2022, 1442, 1924, 1499, 3048, 1821
1889, 1519, 2352, 2012, 1448, 1917, 1501, 3601, 1820
1899, 1521, 2458, 2023, 1446, 1912, 1529, 4317, 1805
1891, 1511, 2594, 1994, 1422, 1897, 1561, 5106, 1810
1884, 1501, 2744, 2004, 1417, 1889, 1573, 5970, 1811
1855, 1500, 2874, 1981, 1419, 1877, 1615, 6882, 1803
1865, 1497, 2961, 1967, 1404, 1864, 1661, 8030, 1815
1873, 1491, 3054, 1978, 1379, 1856, 1689, 9384, 1827
1881, 1477, 3085, 1958, 1365, 1844, 1728, 10965, 1820
1862, 1472, 3083, 1945, 1368, 1853, 1773, 12256, 1803
1846, 1464, 3103, 1907, 1352, 1864, 1783, 12666, 1809
1842, 1461, 3112, 1872, 1352, 1848, 1829, 11882, 1795
1884, 1449, 3053, 1863, 1333, 1834, 1878, 10311, 1798
1892, 1453, 2993, 1873, 1313, 1837, 1907, 8586, 1803
1901, 1451, 2967, 1872, 1304, 1831, 1966, 6903, 1814
1945, 1448, 2971, 1863, 1295, 1817, 2070, 5616, 1812
1941, 1431, 3013, 1855, 1305, 1812, 2179, 4815, 1808
1927, 1415, 3139, 1866, 1312, 1806, 2330, 4437, 1819
1974, 1396, 3259, 1862, 1301, 1798, 2473, 4266, 1831
1970, 1390, 3373, 1855, 1310, 1795, 2650, 4369, 1823
1981, 1385, 3546, 1828, 1298, 1784, 2743, 4749, 1824
2000, 1381, 3725, 1794, 1303, 1773, 2709, 5441, 1821
2017, 1372, 3864, 1761, 1294, 1777, 2607, 6351, 1815
2006, 1366, 3898, 1754, 1270, 1762, 2443, 7203, 1802
1995, 1351, 3824, 1749, 1248, 1750, 2264, 7929, 1794
1980, 1342, 3728, 1742, 1235, 1745, 2107, 8093, 1786
1970, 1325, 3582, 1737, 1231, 1735, 2013, 7533, 1775
1967, 1313, 3414, 1741, 1220, 1728, 1915, 6668, 1757
1974, 1305, 3265, 1728, 1220, 1728, 1910, 5585, 1753
1990, 1291, 3174, 1749, 1219, 1731, 1872, 4609, 1733
1984, 1278, 3107, 1760, 1224, 1732, 1857, 4016, 1734
1990, 1267, 3037, 1794, 1208, 1741, 1828, 3507, 1728
2000, 1258, 2955, 1772, 1204, 1743, 1826, 3069, 1713
2026, 1247, 2909, 1772, 1191, 1741, 1827, 2702, 1708
2046, 1241, 2853, 1765, 1171, 1732, 1794, 2403, 1694
2032, 1228, 2784, 1793, 1160, 1746, 1762, 2201, 1671
2012, 1224, 2697, 1771, 1158, 1780, 1710, 2065, 1680
2011, 1226, 2664, 1778, 1149, 1788, 1676, 1962, 1671
2012, 1217, 2603, 1774, 1151, 1794, 1654, 1894, 1651
2007, 1225, 2566, 1775, 1152, 1807, 1651, 1840, 1645
2003, 1225, 2516, 1784, 1153, 1815, 1629, 1768, 1645
2035, 1222, 2489, 1771, 1156, 1834, 1601, 1708, 1654
2076, 1217, 2469, 1761, 1145, 1860, 1566, 1672, 1651
2101, 1211, 2454, 1760, 1144, 1866, 1560, 1620, 1653
2112, 1210, 2425, 1757, 1144, 1867, 1540, 1576, 1632
2119, 1211, 2417, 1759, 1147, 1872, 1520, 1520, 1619
2096, 1199, 2425, 1775, 1150, 1888, 1502, 1486, 1612
2068, 1188, 2432, 1765, 1155, 1918, 1465, 1481, 1615
2045, 1189, 2445, 1770, 1154, 1931, 1470, 1463, 1616
1988, 1196, 2430, 1789, 1162, 1946, 1465, 1445, 1632
1964, 1195, 2432, 1767, 1162, 1965, 1483, 1439, 1637
1934, 1207, 2428, 1770, 1144, 1964, 1486, 1422, 1636
1909, 1211, 2407, 1772, 1138, 1936, 1477, 1407, 1641
1904, 1207, 2381, 1790, 1137, 1915, 1481, 1407, 1667
1891, 1204, 2347, 1783, 1132, 1907, 1482, 1386, 1666
1879, 1216, 2332, 1782, 1133, 1885, 1510, 1376, 1667
1888, 1206, 2314, 1790, 1124, 1860, 1521, 1352, 1679
1877, 1204, 2274, 1794, 1119, 1842, 1533, 1330, 1679
1865, 1192, 2269, 1782, 1114, 1807, 1555, 1316, 1695
1853, 1186, 2260, 1798, 1127, 1791, 1553, 1294, 1693
1826, 1179, 2240, 1816, 1126, 1775, 1549, 1297, 1692
1832, 1181, 2237, 1877, 1144, 1770, 1531, 1294, 1705
1845, 1192, 2226, 1875, 1141, 1767, 1502, 1298, 1720
1847, 1195, 2205, 1895, 1146, 1759, 1485, 1296, 1716
1834, 1183, 2203, 1922, 1139, 1751, 1488, 1298, 1721
1823, 1183, 2180, 1939, 1152, 1725, 1484, 1303, 1729
1829, 1175, 2141, 1964, 1152, 1708, 1486, 1300, 1728
1840, 1169, 2096, 1988, 1147, 1689, 1503, 1302, 1727
1860, 1181, 2073, 2030, 1155, 1685, 1527, 1302, 1715
1881, 1184, 2052, 2069, 1168, 1660, 1533, 1309, 1723
1871, 1177, 2040, 2072, 1168, 1643, 1561, 1308, 1718
1880, 1180, 2025, 2069, 1170, 1632, 1594, 1298, 1725
1859, 1180, 2008, 2079, 1152, 1622, 1607, 1282, 1738
1845, 1183, 1993, 2070, 1145, 1599, 1630, 1262, 1740
1868, 1176, 1999, 2033, 1154, 1584, 1690, 1235, 1745
1862, 1172, 1977, 1999, 1161, 1569, 1729, 1214, 1748
1868, 1179, 1985, 1999, 1152, 1559, 1761, 1209, 1749
1872, 1169, 1975, 1984, 1148, 1565, 1814, 1186, 1756
1897, 1170, 1984, 1969, 1147, 1551, 1862, 1177, 1748
1900, 1172, 1982, 1942, 1147, 1538, 1912, 1161, 1767
1907, 1171, 1978, 1900, 1149, 1524, 1971, 1148, 1758
1913, 1168, 1970, 1882, 1144, 1526, 2016, 1131, 1778
1895, 1176, 1959, 1871, 1129, 1522, 2069, 1106, 1788
1892, 1165, 1953, 1865, 1125, 1521, 2117, 1099, 1809
1890, 1170, 1949, 1852, 1116, 1519, 2179, 1093, 1812
1864, 1171, 1930, 1823, 1113, 1505, 2206, 1080, 1831
1856, 1176, 1935, 1820, 1118, 1506, 2269, 1082, 1851
1842, 1165, 1937, 1827, 1103, 1502, 2365, 1070, 1833
1837, 1158, 1932, 1791, 1104, 1489, 2440, 1065, 1825
1825, 1150, 1941, 1758, 1104, 1483, 2443, 1055, 1817
1821, 1153, 1942, 1747, 1109, 1479, 2427, 1046, 1811
1830, 1148, 1924, 1725, 1129, 1475, 2423, 1041, 1812
1816, 1157, 1924, 1735, 1138, 1465, 2307, 1030, 1814
1809, 1153, 1910, 1713, 1149, 1466, 2280, 1026, 1811
1814, 1164, 1895, 1681, 1175, 1467, 2244, 1013, 1798
1816, 1164, 1886, 1644, 1217, 1460, 2215, 997, 1797
1816, 1153, 1868, 1639, 1276, 1433, 2236, 1258, 1792
1809, 1137, 1861, 1649, 1359, 1422, 2241, 1301, 1798
1822, 1134, 1835, 1635, 1483, 1415, 2274, 1337, 1795
1823, 1130, 1836, 1628, 1646, 1411, 2225, 1379, 1788
1848, 1122, 1838, 1605, 1888, 1421, 2159, 1403, 1783
1825, 1118, 1835, 1592, 2191, 1410, 2100, 1406, 1796
1832, 1119, 1822, 1588, 2586, 1402, 2085, 1397, 1802
1825, 1125, 1802, 1579, 3010, 1401, 2084, 1408, 1802
1830, 1138, 1798, 1595, 3379, 1396, 2079, 1422, 1805
1825, 1142, 1785, 1594, 3570, 1392, 2095, 1415, 1794
1824, 1146, 1777, 1612, 3544, 1387, 2083, 1421, 1796
1819, 1142, 1770, 1619, 3390, 1391, 2062, 1409, 1805
1808, 1142, 1765, 1587, 3108, 1371, 2040, 1403, 1820
1794, 1146, 1753, 1588, 2819, 1357, 2018, 1384, 1805
1804, 1158, 1740, 1590, 2549, 1343, 2019, 1374, 1812
1831, 1165, 1741, 1575, 2352, 1339, 2014, 1357, 1801
1837, 1169, 1730, 1572, 2151, 1334, 1987, 1344, 1782
1826, 1169, 1715, 1580, 1942, 1333, 1964, 1341, 1800
1812, 1175, 1699, 1566, 1754, 1333, 1954, 1346, 1795
1809, 1177, 1684, 1547, 1615, 1348, 1964, 1324, 1794
1800, 1179, 1686, 1566, 1519, 1346, 1977, 1303, 1788
1776, 1186, 1675, 1565, 1440, 1352, 1968, 1297, 1774
1770, 1179, 1664, 1565, 1375, 1333, 1917, 1294, 1772
1769, 1168, 1661, 1559, 1335, 1338, 1878, 1281, 1779
1786, 1170, 1640, 1568, 1328, 1340, 1869, 1276, 1778
1795, 1160, 1634, 1571, 1334, 1351, 1854, 1265, 1782
1798, 1161, 1639, 1570, 1362, 1347, 1835, 1255, 1785
1803, 1157, 1638, 1578, 1398, 1351, 1793, 1237, 1779
1810, 1175, 1633, 1603, 1421, 1348, 1777, 1228, 1781
1817, 1182, 1627, 1610, 1412, 1349, 1774, 1214, 1783
1826, 1190, 1627, 1639, 1392, 1336, 1792, 1198, 1780
1842, 1190, 1640, 1630, 1354, 1335, 1785, 1187, 1785
1863, 1211, 1629, 1632, 1289, 1340, 1762, 1183, 1772
1895, 1213, 1624, 1634, 1231, 1346, 1801, 1188, 1773
1905, 1223, 1629, 1661, 1209, 1361, 1826, 1176, 1777
1908, 1235, 1624, 1678, 1182, 1364, 1852, 1172, 1784
1903, 1244, 1616, 1689, 1158, 1373, 1852, 1168, 1791
1902, 1248, 1622, 1680, 1144, 1369, 1833, 1149, 1773
1881, 1262, 1608, 1693, 1133, 1371, 1816, 1147, 1757
1862, 1265, 1608, 1669, 1117, 1375, 1820, 1145, 1759
1857, 1267, 1606, 1678, 1095, 1382, 1827, 1140, 1756
1853, 1268, 1612, 1677, 1097, 1399, 1835, 1139, 1764
1833, 1275, 1606, 1683, 1081, 1421, 1875, 1131, 1751
1836, 1275, 1611, 1692, 1066, 1430, 1899, 1117, 1748
1833, 1275, 1602, 1691, 1054, 1436, 1950, 1111, 1750
1836, 1291, 1607, 1690, 1054, 1449, 1989, 1107, 1751
1849, 1301, 1597, 1693, 1047, 1470, 2021, 1095, 1742
1849, 1319, 1603, 1684, 1049, 1502, 2059, 1092, 1734
1825, 1327, 1595, 1697, 1045, 1538, 2096, 1076, 1756
1846, 1323, 1599, 1682, 1036, 1580, 2110, 1081, 1775
1858, 1327, 1597, 1675, 1030, 1642, 2130, 1069, 1794
1891, 1316, 1603, 1667, 1026, 1700, 2164, 1062, 1798
1925, 1330, 1595, 1641, 1011, 1757, 2180, 1062, 1805
1944, 1321, 1582, 1680, 1008, 1788, 2215, 1062, 1804
1959, 1296, 1576, 1687, 1001, 1813, 2165, 1060, 1800
1977, 1280, 1570, 1705, 998, 1805, 2126, 1063, 1800
1999, 1257, 1555, 1731, 1313, 1782, 2115, 1063, 1812
2020, 1247, 1551, 1749, 1380, 1759, 2126, 1051, 1805
2023, 1244, 1545, 1769, 1416, 1740, 2129, 1052, 1804
2034, 1251, 1551, 1791, 1459, 1701, 2105, 1057, 1801
2055, 1249, 1545, 1830, 1487, 1659, 2114, 1062, 1801
2115, 1260, 1538, 1878, 1498, 1617, 2118, 1056, 1788
2158, 1261, 1526, 1909, 1503, 1599, 2114, 1067, 1793
2160, 1254, 1524, 1933, 1505, 1570, 2079, 1066, 1781
2161, 1251, 1528, 1943, 1515, 1554, 2064, 1068, 1803
2175, 1251, 1531, 1976, 1515, 1522, 2078, 1069, 1805
2154, 1254, 1537, 1985, 1510, 1489, 2096, 1077, 1805
2127, 1252, 1534, 2025, 1496, 1480, 2103, 1082, 1795
2128, 1246, 1546, 2046, 1510, 1455, 2113, 1077, 1791
2130, 1241, 1550, 2068, 1513, 1430, 2131, 1075, 1775
2166, 1243, 1537, 2104, 1502, 1411, 2108, 1072, 1781
2213, 1249, 1530, 2073, 1489, 1394, 2033, 1077, 1761
2196, 1254, 1527, 2082, 1488, 1383, 2009, 1082, 1772
2184, 1267, 1529, 2060, 1473, 1372, 1992, 1078, 1763
2192, 1260, 1537, 2046, 1459, 1366, 2037, 1084, 1782
2178, 1261, 1528, 2003, 1456, 1358, 2064, 1082, 1786
2157, 1266, 1515, 1953, 1442, 1343, 2069, 1082, 1780
2170, 1286, 1518, 1940, 1436, 1341, 2064, 1065, 1792
2163, 1293, 1507, 1910, 1434, 1339, 2079, 1068, 1801
2169, 1301, 1500, 1886, 1441, 1340, 2092, 1075, 1801
2174, 1309, 1502, 1885, 1448, 1324, 2109, 1064, 1807
2166, 1313, 1489, 1837, 1445, 1322, 2110, 1059, 1819
2170, 1307, 1491, 1811, 1451, 1318, 2092, 1073, 1855
2137, 1296, 1488, 1806, 1458, 1313, 2096, 1084, 1890
2113, 1297, 1486, 1799, 1460, 1306, 2116, 1088, 1956
2119, 1300, 1495, 1781, 1454, 1301, 2130, 1085, 2017
2085, 1312, 1491, 1803, 1471, 1300, 2162, 1086, 2100
2089, 1298, 1491, 1805, 1460, 1302, 2194, 1085, 2150
2090, 1295, 1492, 1797, 1493, 1296, 2204, 1098, 2233
2046, 1283, 1488, 1793, 1520, 1302, 2219, 1100, 2299
2023, 1287, 1482, 1813, 1527, 1307, 2230, 1100, 2370
1977, 1285, 1474, 1794, 1546, 1310, 2221, 1099, 2374
1939, 1278, 1475, 1790, 1552, 1305, 2177, 1101, 2359
1904, 1290, 1487, 1785, 1544, 1301, 2136, 1094, 2314
1877, 1279, 1489, 1775, 1518, 1299, 2099, 1085, 2282
1867, 1273, 1489, 1804, 1515, 1302, 2029, 1092, 2230
1820, 1289, 1472, 1848, 1508, 1301, 1976, 1102, 2193
1813, 1282, 1478, 1860, 1496, 1301, 1956, 1109, 2186
1815, 1290, 1463, 1863, 1481, 1299, 1918, 1111, 2139
1804, 1302, 1459, 1866, 1479, 1287, 1909, 1122, 2101
1796, 1301, 1457, 1909, 1479, 1292, 1884, 1124, 2095
1784, 1313, 1444, 1933, 1480, 1292, 1890, 1124, 2063
1772, 1322, 1426, 1936, 1498, 1277, 1898, 1128, 2066
1744, 1323, 1426, 1928, 1506, 1269, 1893, 1106, 2099
1712, 1329, 1418, 1908, 1517, 1259, 1920, 1091, 2147
1692, 1320, 1399, 1909, 1550, 1265, 1918, 1097, 2209
1673, 1318, 1385, 1907, 1566, 1257, 1915, 1101, 2265
1663, 1322, 1372, 1924, 1589, 1254, 1924, 1106, 2368
1640, 1345, 1361, 1947, 1622, 1253, 1930, 1105, 2453
1641, 1348, 1361, 1947, 1660, 1244, 1919, 1097, 2529
1663, 1345, 1364, 1945, 1693, 1248, 1918, 1081, 2561
1645, 1347, 1365, 1931, 1770, 1248, 1920, 1081, 2595
1649, 1349, 1357, 1910, 1865, 1242, 1932, 1074, 2590
1647, 1342, 1355, 1930, 1958, 1239, 1963, 1077, 2567
1658, 1326, 1365, 1932, 2086, 1245, 1976, 1079, 2510
1644, 1313, 1360, 1924, 2194, 1237, 2022, 1085, 2449
1632, 1312, 1372, 1932, 2259, 1244, 2042, 1072, 2384
1645, 1308, 1357, 1954, 2279, 1243, 2041, 1064, 2333
1651, 1312, 1359, 1995, 2291, 1231, 2040, 1079, 2302
1657, 1323, 1350, 1999, 2297, 1216, 2035, 1066, 2287
1656, 1338, 1349, 2004, 2303, 1219, 2049, 1052, 2264
1656, 1345, 1355, 2023, 2298, 1216, 2075, 1059, 2254
1674, 1343, 1354, 2017, 2323, 1221, 2113, 1056, 2244
1697, 1352, 1362, 1968, 2347, 1216, 2143, 1058, 2228
1708, 1367, 1379, 1948, 2303, 1221, 2176, 1054, 2209
1681, 1374, 1404, 1963, 2276, 1221, 2212, 1053, 2187
1689, 1378, 1426, 1963, 2205, 1224, 2228, 1042, 2163
1683, 1375, 1460, 1979, 2137, 1222, 2185, 1048, 2151
1691, 1383, 1488, 1983, 2053, 1220, 2137, 1054, 2126
1701, 1375, 1515, 1977, 1988, 1221, 2084, 1057, 2126
1742, 1390, 1541, 1990, 1938, 1217, 2089, 1060, 2127
1762, 1394, 1574, 1983, 1905, 1213, 2135, 1061, 2125
1764, 1389, 1610, 1984, 1897, 1209, 2118, 1066, 2130
1762, 1379, 1621, 2022, 1868, 1214, 2083, 1073, 2120
1735, 1363, 1623, 1992, 1837, 1215, 2065, 1079, 2118
1740, 1354, 1618, 1983, 1832, 1213, 2036, 1082, 2116
1756, 1349, 1610, 1988, 1838, 1211, 1995, 1093, 2118
1766, 1343, 1578, 1946, 1828, 1213, 1925, 1086, 2087
1761, 1334, 1545, 1911, 1862, 1209, 1910, 1072, 2078
1782, 1310, 1526, 1912, 1920, 1205, 1902, 1075, 2080
1775, 1297, 1500, 1912, 2027, 1208, 1900, 1071, 2074
1773, 1291, 1468, 1936, 2162, 1205, 1891, 1062, 2057
1764, 1288, 1444, 1985, 2304, 1208, 1924, 1063, 2031
1754, 1291, 1432, 2031, 2481, 1205, 1911, 1055, 2011
1772, 1288, 1434, 2073, 2581, 1206, 1929, 1055, 1992
1755, 1272, 1428, 2063, 2662, 1203, 1917, 1057, 1952
1744, 1276, 1406, 2081, 2717, 1196, 1904, 1063, 1945
1727, 1275, 1399, 2096, 2721, 1195, 1846, 1073, 1917
1739, 1274, 1381, 2132, 2693, 1189, 1837, 1075, 1902
1720, 1253, 1377, 2155, 2668, 1193, 1800, 1079, 1893
1702, 1256, 1375, 2160, 2650, 1197, 1772, 1068, 1876
1687, 1257, 1374, 2154, 2626, 1190, 1725, 1071, 1868
1669, 1247, 1362, 2140, 2521, 1191, 1690, 1063, 1863
1656, 1239, 1342, 2120, 2417, 1196, 1670, 1054, 1851
1657, 1244, 1336, 2132, 2305, 1200, 1673, 1054, 1855
1630, 1235, 1332, 2137, 2200, 1193, 1687, 1067, 1852
1626, 1244, 1328, 2165, 2114, 1181, 1713, 1081, 1851
1631, 1244, 1314, 2191, 2028, 1185, 1752, 1081, 1849
1628, 1248, 1303, 2217, 1931, 1182, 1776, 1087, 1842
1653, 1244, 1294, 2271, 1865, 1180, 1766, 1072, 1844
1659, 1237, 1292, 2290, 1813, 1186, 1757, 1087, 1829
1688, 1232, 1284, 2289, 1777, 1171, 1753, 1077, 1831
1682, 1230, 1281, 2288, 1730, 1169, 1728, 1079, 1826
1703, 1239, 1272, 2270, 1717, 1174, 1731, 1076, 1826
1735, 1256, 1264, 2263, 1678, 1176, 1748, 1072, 1823
1775, 1277, 1263, 2294, 1649, 1168, 1741, 1092, 1822
1806, 1275, 1264, 2330, 1621, 1170, 1770, 1102, 1821
1812, 1287, 1280, 2355, 1593, 1176, 1778, 1101, 1833
1795, 1303, 1285, 2346, 1598, 1177, 1800, 1100, 1826
1789, 1315, 1285, 2391, 1580, 1183, 1820, 1116, 1803
1782, 1338, 1290, 2438, 1577, 1181, 1828, 1139, 1794
1751, 1350, 1295, 2447, 1565, 1168, 1843, 1157, 1789
1748, 1371, 1297, 2446, 1556, 1175, 1839, 1177, 1779
1753, 1394, 1288, 2443, 1558, 1173, 1862, 1195, 1774
1748, 1444, 1290, 2432, 1534, 1166, 1875, 1218, 1785
1751, 1506, 1292, 2449, 1539, 1164, 1842, 1237, 1787
1767, 1594, 1299, 2413, 1531, 1163, 1845, 1250, 1792
1769, 1716, 1303, 2376, 1528, 1163, 1860, 1265, 1799
1743, 1910, 1312, 2364, 1537, 1152, 1868, 1274, 1792
1743, 2195, 1303, 2343, 1522, 1154, 1852, 1294, 1800
1758, 2584, 1313, 2381, 1504, 1155, 1810, 1305, 1817
1774, 3121, 1319, 2420, 1507, 1143, 1821, 1301, 1821
1775, 3817, 1326, 2451, 1500, 1146, 1809, 1291, 1840
1786, 4662, 1328, 2498, 1498, 1157, 1786, 1317, 1856
1775, 5496, 1334, 2514, 1490, 1164, 1789, 1321, 1851
1766, 6204, 1328, 2517, 1485, 1166, 1798, 1321, 1834
1724, 6619, 1342, 2521, 1469, 1157, 1809, 1319, 1832
1704, 6455, 1347, 2514, 1465, 1157, 1793, 1337, 1821
1680, 5967, 1353, 2463, 1473, 1155, 1733, 1359, 1804
1674, 5307, 1365, 2437, 1474, 1158, 1716, 1368, 1790
1657, 4735, 1357, 2394, 1461, 1160, 1724, 1378, 1779
1642, 4253, 1361, 2380, 1456, 1159, 1716, 1370, 1775
1627, 3804, 1364, 2393, 1455, 1154, 1706, 1356, 1759
1600, 3390, 1372, 2427, 1439, 1137, 1720, 1349, 1755
1603, 3089, 1384, 2457, 1449, 1130, 1725, 1361, 1747
1590, 2849, 1385, 2427, 1436, 1126, 1762, 1369, 1739
1567, 2636, 1396, 2415, 1440, 1135, 1804, 1361, 1736
1557, 2475, 1402, 2437, 1434, 1142, 1834, 1355, 1737
1556, 2354, 1411, 2437, 1420, 1136, 1862, 1349, 1730
1551, 2231, 1419, 2422, 1404, 1141, 1886, 1354, 1725
1538, 2127, 1431, 2429, 1400, 1141, 1883, 1382, 1717
1532, 2047, 1432, 2439, 1389, 1137, 1864, 1386, 1722
1545, 1979, 1448, 2441, 1391, 1139, 1854, 1402, 1723
1552, 1953, 1444, 2473, 1384, 1134, 1848, 1419, 1716
1565, 1989, 1436, 2477, 1373, 1118, 1838, 1428, 1720
1589, 2021, 1431, 2475, 1375, 1125, 1854, 1454, 1730
1607, 2088, 1437, 2468, 1369, 1120, 1857, 1463, 1732
1624, 2162, 1443, 2480, 1378, 1116, 1828, 1482, 1721
1632, 2195, 1432, 2487, 1387, 1115, 1829, 1499, 1720
1639, 2218, 1431, 2537, 1396, 1122, 1826, 1512, 1707
1661, 2216, 1418, 2561, 1395, 1123, 1810, 1537, 1694
1648, 2142, 1417, 2592, 1392, 1127, 1802, 1551, 1683
1649, 2130, 1407, 2636, 1386, 1127, 1817, 1568, 1667
1658, 2116, 1406, 2707, 1374, 1129, 1836, 1577, 1678
1659, 2130, 1410, 2774, 1362, 1136, 1842, 1607, 1665
1666, 2187, 1401, 2872, 1361, 1147, 1825, 1623, 1660
1663, 2253, 1394, 2928, 1366, 1155, 1843, 1642, 1665
1658, 2400, 1393, 2987, 1366, 1157, 1845, 1640, 1663
1662, 2513, 1393, 3007, 1365, 1156, 1842, 1659, 1655
1647, 2545, 1388, 3025, 1365, 1157, 1844, 1669, 1647
1641, 2435, 1390, 2972, 1362, 1149, 1852, 1690, 1659
1642, 2244, 1385, 2898, 1349, 1140, 1899, 1696, 1668
1663, 2118, 1379, 2787, 1344, 1142, 1909, 1721, 1671
1635, 2020, 1369, 2737, 1335, 1136, 1916, 1734, 1666
1647, 1937, 1370, 2709, 1321, 1132, 1921, 1745, 1660
1660, 1909, 1365, 2744, 1320, 1137, 1956, 1736, 1660
1655, 1867, 1357, 2738, 1325, 1126, 2003, 1755, 1646
1649, 1832, 1346, 2737, 1337, 1126, 1995, 1766, 1634
1664, 1784, 1344, 2718, 1338, 1130, 2021, 1793, 1629
1683, 1749, 1329, 2690, 1316, 1123, 2022, 1795, 1614
1725, 1717, 1338, 2659, 1317, 1115, 2046, 1781, 1601
1727, 1693, 1338, 2645, 1309, 1108, 2064, 1788, 1599
1715, 1681, 1348, 2611, 1304, 1117, 2076, 1770, 1590
1730, 1655, 1353, 2570, 1322, 1113, 2061, 1747, 1578
1727, 1649, 1352, 2543, 1326, 1115, 2078, 1752, 1567
1760, 1665, 1352, 2510, 1331, 1122, 2064, 1765, 1548
1799, 1696, 1345, 2490, 1324, 1125, 2071, 1760, 1542
1809, 1704, 1346, 2472, 1337, 1126, 2064, 1767, 1545
1834, 1717, 1354, 2473, 1344, 1117, 2095, 1762, 1522
1866, 1755, 1357, 2475, 1357, 1120, 2111, 1738, 1525
1916, 1759, 1356, 2485, 1364, 1128, 2127, 1725, 1522
1977, 1781, 1357, 2497, 1374, 1139, 2167, 1745, 1523
2038, 1796, 1369, 2491, 1391, 1147, 2188, 1773, 1517
2150, 1792, 1359, 2503, 1402, 1149, 2207, 1793, 1510
2273, 1792, 1354, 2512, 1402, 1145, 2228, 1811, 1524
2445, 1800, 1355, 2495, 1422, 1146, 2258, 1792, 1523
2708, 1799, 1357, 2519, 1420, 1150, 2245, 1792, 1529
3058, 1833, 1363, 2562, 1410, 1170, 2223, 1814, 1528
3524, 1865, 1350, 2630, 1410, 1187, 2256, 1824, 1524
4036, 1915, 1346, 2676, 1425, 1228, 2267, 1827, 1520
4474, 1955, 1342, 2751, 1417, 1250, 2236, 1829, 1515
4658, 2028, 1339, 2862, 1418, 1300, 2233, 1840, 1520
4641, 2114, 1334, 2915, 1428, 1363, 2215, 1847, 1523
4452, 2181, 1332, 2900, 1439, 1430, 2203, 1841, 1542
4217, 2204, 1330, 2886, 1433, 1517, 2186, 1832, 1546
4049, 2212, 1329, 2849, 1422, 1570, 2224, 1837, 1545
3928, 2206, 1324, 2843, 1402, 1623, 2241, 1843, 1551
3877, 2164, 1319, 2851, 1401, 1653, 2261, 1849, 1549
3873, 2098, 1317, 2839, 1398, 1684, 2274, 1862, 1537
4016, 2036, 1311, 2805, 1391, 1686, 2283, 1850, 1521
4159, 1999, 1307, 2780, 1375, 1669, 2280, 1871, 1516
4376, 1959, 1318, 2761, 1377, 1655, 2248, 1866, 1508
4532, 1909, 1316, 2778, 1371, 1652, 2230, 1871, 1484
4647, 1873, 1308, 2791, 1371, 1625, 2260, 1879, 1472
4836, 1859, 1299, 2753, 1353, 1603, 2264, 1883, 1475
4964, 1857, 1300, 2718, 1341, 1564, 2290, 1876, 1452
4755, 1841, 1306, 2694, 1332, 1521, 2312, 1885, 1435
4431, 1815, 1312, 2662, 1322, 1469, 2339, 1897, 1439
4132, 1821, 1312, 2639, 1320, 1436, 2351, 1892, 1427
3879, 1813, 1309, 2640, 1315, 1409, 2370, 1909, 1406
3572, 1787, 1296, 2624, 1316, 1394, 2377, 1910, 1388
3263, 1795, 1297, 2576, 1330, 1384, 2380, 1919, 1377
3032, 1812, 1298, 2578, 1325, 1354, 2387, 1939, 1374
2766, 1832, 1289, 2578, 1323, 1331, 2394, 1949, 1366
2537, 1832, 1283, 2535, 1327, 1323, 2388, 1976, 1358
2434, 1844, 1294, 2523, 1321, 1318, 2382, 1996, 1360
2398, 1876, 1288, 2519, 1334, 1314, 2373, 2014, 1340
2284, 1884, 1285, 2504, 1347, 1314, 2370, 2005, 1327
2216, 1888, 1270, 2478, 1370, 1311, 2334, 2024, 1327
2191, 1878, 1276, 2465, 1384, 1299, 2350, 2025, 1311
2171, 1883, 1272, 2489, 1383, 1303, 2384, 2044, 1308
2155, 1896, 1275, 2499, 1382, 1293, 2405, 2046, 1320
2171, 1905, 1286, 2537, 1394, 1293, 2405, 2060, 1314
2175, 1929, 1290, 2558, 1368, 1302, 2396, 2084, 1301
2189, 1911, 1293, 2572, 1376, 1296, 2398, 2104, 1285
2182, 1897, 1295, 2581, 1383, 1302, 2381, 2101, 1276
2183, 1891, 1301, 2577, 1382, 1304, 2337, 2094, 1267
2175, 1869, 1309, 2625, 1378, 1297, 2328, 2081, 1255
2164, 1869, 1305, 2691, 1391, 1287, 2325, 2071, 1258
2141, 1865, 1300, 2702, 1396, 1281, 2334, 2063, 1249
2100, 1843, 1288, 2694, 1403, 1276, 2312, 2052, 1257
2061, 1836, 1287, 2733, 1414, 1275, 2330, 2052, 1254
2040, 1830, 1289, 2730, 1420, 1281, 2326, 2046, 1277
2025, 1827, 1295, 2759, 1422, 1290, 2302, 2059, 1283
2011, 1836, 1290, 2717, 1417, 1298, 2298, 2070, 1288
2005, 1838, 1290, 2714, 1422, 1297, 2284, 2066, 1290
2005, 1820, 1281, 2715, 1426, 1294, 2233, 2047, 1303
1987, 1809, 1273, 2731, 1426, 1300, 2221, 2054, 1306
1976, 1787, 1266, 2764, 1414, 1293, 2231, 2061, 1309
1946, 1776, 1267, 2774, 1413, 1291, 2210, 2048, 1315
1958, 1772, 1257, 2774, 1430, 1282, 2214, 2045, 1313
1949, 1770, 1247, 2736, 1409, 1291, 2243, 2043, 1298
1908, 1785, 1236, 2736, 1412, 1295, 2264, 2053, 1282
1921, 1781, 1222, 2693, 1415, 1288, 2253, 2078, 1268
1935, 1785, 1217, 2664, 1425, 1286, 2234, 2097, 1258
1925, 1785, 1213, 2646, 1431, 1274, 2221, 2074, 1249
1910, 1816, 1229, 2643, 1429, 1269, 2185, 2095, 1246
1919, 1853, 1243, 2637, 1415, 1265, 2171, 2123, 1228
1934, 1911, 1242, 2628, 1431, 1265, 2150, 2134, 1225
1919, 1959, 1246, 2607, 1440, 1265, 2159, 2135, 1215
1937, 2004, 1251, 2585, 1434, 1267, 2135, 2145, 1213
1938, 2042, 1257, 2594, 1431, 1274, 2159, 2169, 1218
1945, 2105, 1258, 2589, 1425, 1280, 2186, 2159, 1217
1949, 2141, 1260, 2570, 1415, 1291, 2175, 2156, 1217
1954, 2158, 1270, 2576, 1422, 1301, 2198, 2160, 1222
1966, 2162, 1281, 2544, 1422, 1318, 2181, 2158, 1218
1935, 2099, 1284, 2538, 1422, 1332, 2176, 2161, 1210
1913, 2054, 1285, 2522, 1419, 1336, 2184, 2177, 1197
1938, 2007, 1290, 2519, 1416, 1336, 2183, 2188, 1203
1951, 1965, 1295, 2495, 1423, 1332, 2193, 2194, 1209
1950, 1939, 1301, 2519, 1433, 1327, 2155, 2195, 1206
1954, 1927, 1295, 2497, 1444, 1334, 2170, 2193, 1220
1981, 1947, 1294, 2468, 1468, 1334, 2126, 2197, 1227
1967, 1923, 1290, 2426, 1484, 1337, 2125, 2186, 1231
1964, 1920, 1292, 2424, 1505, 1329, 2117, 2194, 1227
1983, 1890, 1289, 2415, 1526, 1336, 2090, 2199, 1233
1993, 1869, 1291, 2399, 1528, 1331, 2071, 2201, 1240
1992, 1880, 1279, 2371, 1548, 1331, 2058, 2181, 1222
2010, 1881, 1277, 2359, 1535, 1341, 2014, 2150, 1210
2007, 1869, 1271, 2372, 1533, 1332, 2015, 2141, 1204
2023, 1864, 1272, 2359, 1551, 1324, 2003, 2149, 1204
2039, 1855, 1271, 2402, 1551, 1329, 2005, 2151, 1183
2058, 1839, 1269, 2400, 1563, 1329, 2024, 2147, 1179
2067, 1820, 1277, 2383, 1587, 1328, 2006, 2157, 1171
2080, 1799, 1278, 2354, 1590, 1325, 2014, 2141, 1169
2099, 1790, 1276, 2326, 1632, 1327, 2032, 2134, 1151
2093, 1776, 1278, 2289, 1650, 1331, 2044, 2108, 1142
2079, 1765, 1283, 2270, 1682, 1327, 2052, 2089, 1135
2104, 1759, 1282, 2231, 1698, 1330, 2061, 2084, 1120
2114, 1752, 1282, 2217, 1746, 1330, 2056, 2106, 1114
2123, 1740, 1280, 2210, 1810, 1329, 2096, 2098, 1109
2143, 1722, 1273, 2192, 1941, 1321, 2066, 2103, 1111
2171, 1721, 1270, 2183, 2144, 1319, 2067, 2101, 1101
2165, 1724, 1251, 2197, 2455, 1317, 2100, 2107, 1085
2189, 1741, 1231, 2212, 2941, 1329, 2131, 2085, 1066
2225, 1749, 1222, 2203, 3636, 1332, 2114, 2090, 1064
2266, 1750, 1214, 2172, 4683, 1341, 2089, 2080, 1062
2337, 1746, 1220, 2191, 6210, 1348, 2075, 2074, 1058
2377, 1742, 1233, 2219, 8415, 1353, 2056, 2074, 1050
2423, 1742, 1229, 2281, 11463, 1362, 2046, 2088, 1041
2426, 1751, 1224, 2313, 15426, 1364, 2065, 2090, 1038
2443, 1760, 1223, 2345, 20151, 1370, 2093, 2095, 1039
2441, 1762, 1225, 2394, 24702, 1378, 2121, 2101, 1025
2429, 1776, 1216, 2461, 27564, 1395, 2154, 2089, 1017
2436, 1783, 1217, 2504, 27728, 1408, 2144, 2094, 1011
2428, 1806, 1220, 2551, 25371, 1423, 2157, 2105, 1004
2420, 1829, 1220, 2562, 21646, 1424, 2176, 2113, 990
2418, 1833, 1222, 2576, 17210, 1429, 2178, 2114, 1123
2421, 1849, 1227, 2573, 13576, 1438, 2203, 2131, 1150
2423, 1869, 1233, 2563, 10632, 1429, 2181, 2150, 1171
2394, 1856, 1238, 2543, 8532, 1427, 2195, 2167, 1174
2376, 1852, 1247, 2550, 6752, 1438, 2193, 2183, 1172
2395, 1847, 1253, 2579, 5373, 1433, 2213, 2195, 1175
2401, 1857, 1263, 2580, 4468, 1414, 2191, 2226, 1191
2368, 1852, 1273, 2604, 3759, 1418, 2194, 2253, 1199
2382, 1868, 1275, 2576, 3185, 1407, 2201, 2263, 1210
2356, 1865, 1285, 2528, 2804, 1420, 2189, 2283, 1225
2357, 1870, 1296, 2510, 2563, 1423, 2206, 2299, 1237
2372, 1870, 1304, 2445, 2369, 1431, 2201, 2300, 1235
2395, 1856, 1327, 2398, 2219, 1428, 2182, 2294, 1253
2402, 1849, 1360, 2372, 2131, 1447, 2155, 2296, 1258
2415, 1855, 1388, 2352, 2046, 1446, 2158, 2279, 1269
2411, 1860, 1429, 2360, 1988, 1445, 2182, 2275, 1273
2429, 1874, 1496, 2339, 1914, 1444, 2200, 2248, 1283
2440, 1870, 1560, 2306, 1881, 1434, 2238, 2245, 1298
2469, 1866, 1623, 2305, 1842, 1448, 2242, 2246, 1317
2491, 1862, 1687, 2304, 1823, 1450, 2279, 2237, 1336
2518, 1859, 1734, 2307, 1806, 1457, 2338, 2238, 1353
2546, 1884, 1755, 2301, 1778, 1460, 2384, 2228, 1358
2509, 1879, 1773, 2236, 1760, 1463, 2435, 2231, 1360
2526, 1893, 1769, 2197, 1737, 1474, 2426, 2227, 1357
2550, 1919, 1756, 2160, 1720, 1481, 2386, 2246, 1350
2541, 1912, 1741, 2157, 1708, 1476, 2277, 2251, 1354
2511, 1929, 1726, 2149, 1685, 1483, 2188, 2264, 1361
2475, 1955, 1708, 2131, 1661, 1485, 2096, 2304, 1367
2483, 2009, 1692, 2122, 1648, 1476, 2056, 2317, 1353
2482, 2041, 1675, 2098, 1651, 1469, 1994, 2311, 1352
2482, 2061, 1659, 2095, 1643, 1463, 1954, 2321, 1347
2465, 2077, 1663, 2106, 1632, 1465, 1932, 2334, 1349
2462, 2113, 1686, 2122, 1620, 1469, 1895, 2306, 1343
2460, 2112, 1686, 2140, 1625, 1472, 1868, 2305, 1329
2456, 2105, 1718, 2129, 1615, 1459, 1868, 2294, 1321
2436, 2114, 1753, 2123, 1606, 1465, 1873, 2300, 1324
2451, 2106, 1802, 2117, 1610, 1454, 1840, 2313, 1334
2477, 2110, 1869, 2111, 1616, 1460, 1820, 2318, 1323
2510, 2111, 1975, 2095, 1606, 1470, 1820, 2297, 1312
2524, 2111, 2103, 2087, 1596, 1485, 1818, 2310, 1301
2497, 2106, 2240, 2071, 1602, 1496, 1787, 2290, 1290
2481, 2117, 2354, 2049, 1603, 1495, 1781, 2298, 1275
2454, 2136, 2461, 2035, 1617, 1494, 1770, 2279, 1262
2476, 2165, 2550, 2042, 1624, 1504, 1749, 2276, 1248
2437, 2179, 2592, 2019, 1621, 1510, 1741, 2283, 1237
2431, 2221, 2604, 1979, 1636, 1521, 1739, 2267, 1235
2426, 2286, 2588, 1954, 1627, 1530, 1737, 2267, 1225
2419, 2362, 2555, 1943, 1624, 1541, 1754, 2255, 1218
2420, 2489, 2541, 1956, 1630, 1563, 1756, 2257, 1209
2448, 2617, 2531, 1950, 1635, 1568, 1749, 2270, 1194
2477, 2782, 2543, 1922, 1638, 1576, 1742, 2269, 1190
2479, 2953, 2527, 1939, 1644, 1588, 1747, 2244, 1187
2504, 3089, 2528, 1916, 1648, 1599, 1740, 2245, 1190
2507, 3129, 2546, 1918, 1643, 1601, 1720, 2242, 1180
2496, 3038, 2522, 1924, 1641, 1619, 1739, 2253, 1159
2484, 2918, 2505, 1933, 1619, 1623, 1724, 2278, 1143
2466, 2853, 2490, 1930, 1622, 1630, 1703, 2271, 1137
2447, 2780, 2474, 1937, 1621, 1640, 1714, 2277, 1122
2454, 2742, 2447, 1920, 1635, 1652, 1709, 2277, 1112
2446, 2731, 2447, 1906, 1625, 1671, 1708, 2275, 1092
2469, 2747, 2445, 1906, 1626, 1684, 1737, 2262, 1087
2442, 2778, 2468, 1923, 1626, 1699, 1744, 2268, 1074
2416, 2810, 2494, 1933, 1624, 1695, 1747, 2271, 1060
2414, 2824, 2462, 1925, 1635, 1714, 1733, 2272, 1053
2426, 2845, 2449, 1940, 1609, 1707, 1747, 2284, 1041
2449, 2891, 2380, 1936, 1617, 1711, 1761, 2284, 1032
2440, 2969, 2302, 1938, 1609, 1713, 1759, 2288, 1032
2442, 3033, 2212, 1966, 1610, 1723, 1749, 2281, 1030
2441, 3070, 2120, 1976, 1602, 1733, 1742, 2297, 1023
2416, 3073, 2075, 1991, 1600, 1726, 1761, 2301, 1011
2404, 3055, 2018, 1994, 1583, 1735, 1772, 2306, 1001
2422, 3023, 1962, 2016, 1598, 1748, 1742, 2298, 1008
2446, 2987, 1939, 2010, 1615, 1755, 1745, 2287, 998
2444, 2920, 1917, 1998, 1617, 1748, 1741, 2284, 1117
2441, 2881, 1872, 1977, 1631, 1736, 1711, 2295, 1134
2442, 2846, 1844, 1939, 1636, 1731, 1708, 2284, 1140
2431, 2794, 1824, 1931, 1633, 1745, 1694, 2255, 1141
2434, 2673, 1797, 1910, 1636, 1748, 1694, 2253, 1155
2401, 2574, 1782, 1905, 1628, 1761, 1693, 2253, 1167
2415, 2472, 1736, 1891, 1630, 1749, 1689, 2247, 1168
2408, 2371, 1725, 1898, 1636, 1753, 1723, 2257, 1163
2413, 2300, 1707, 1899, 1640, 1762, 1734, 2266, 1170
2419, 2236, 1691, 1904, 1625, 1744, 1765, 2292, 1174
2448, 2197, 1666, 1893, 1613, 1756, 1777, 2301, 1173
2449, 2157, 1647, 1860, 1604, 1766, 1809, 2295, 1170
2439, 2132, 1630, 1873, 1611, 1779, 1878, 2276, 1172
2445, 2129, 1625, 1873, 1591, 1784, 1901, 2289, 1155
2453, 2112, 1612, 1894, 1573, 1798, 1914, 2291, 1152
2504, 2086, 1607, 1870, 1577, 1816, 1941, 2285, 1148
2528, 2068, 1592, 1859, 1589, 1810, 1938, 2258, 1147
2534, 2060, 1573, 1853, 1604, 1818, 1940, 2272, 1170
2547, 2061, 1568, 1853, 1601, 1811, 1935, 2284, 1191
2546, 2060, 1558, 1854, 1614, 1812, 1916, 2288, 1212
2559, 2067, 1551, 1848, 1612, 1823, 1947, 2317, 1239
2542, 2068, 1547, 1831, 1610, 1827, 1952, 2326, 1278
2527, 2062, 1544, 1828, 1584, 1830, 1973, 2344, 1310
2508, 2056, 1546, 1852, 1585, 1835, 1969, 2337, 1345
2481, 2037, 1557, 1857, 1581, 1830, 1958, 2353, 1352
2464, 2005, 1556, 1872, 1576, 1837, 1959, 2358, 1367
2441, 1996, 1551, 1847, 1581, 1840, 1975, 2360, 1365
2447, 1985, 1551, 1837, 1591, 1835, 1990, 2348, 1368
2442, 1984, 1555, 1808, 1593, 1813, 2012, 2364, 1377
2420, 2007, 1550, 1789, 1616, 1803, 1996, 2358, 1393
2428, 1994, 1554, 1779, 1659, 1791, 2043, 2336, 1417
2399, 1982, 1557, 1757, 1685, 1786, 2043, 2327, 1446
2370, 1968, 1561, 1755, 1701, 1782, 2031, 2309, 1496
2371, 1951, 1550, 1742, 1714, 1774, 2052, 2291, 1575
2347, 1948, 1556, 1761, 1718, 1778, 2062, 2285, 1677
2343, 1939, 1556, 1757, 1720, 1772, 2070, 2258, 1755
2337, 1932, 1565, 1760, 1726, 1774, 2086, 2240, 1835
2360, 1927, 1571, 1766, 1736, 1781, 2091, 2230, 1873
2380, 1923, 1573, 1775, 1744, 1782, 2123, 2215, 1872
2384, 1927, 1571, 1798, 1745, 1784, 2139, 2225, 1808
2396, 1918, 1581, 1807, 1743, 1799, 2171, 2234, 1736
2404, 1901, 1582, 1803, 1734, 1804, 2183, 2231, 1652
2444, 1889, 1582, 1805, 1723, 1797, 2176, 2213, 1588
2471, 1877, 1574, 1791, 1737, 1811, 2166, 2196, 1532
2469, 1858, 1581, 1836, 1741, 1797, 2194, 2193, 1491
2475, 1844, 1574, 1831, 1748, 1806, 2151, 2179, 1466
2462, 1841, 1583, 1845, 1764, 1802, 2128, 2186, 1421
2459, 1826, 1591, 1839, 1772, 1793, 2123, 2196, 1388
2478, 1831, 1601, 1821, 1788, 1804, 2111, 2222, 1366
2475, 1837, 1605, 1804, 1809, 1796, 2062, 2225, 1339
2481, 1824, 1604, 1767, 1819, 1793, 2051, 2231, 1316
2468, 1827, 1603, 1758, 1830, 1786, 2045, 2224, 1293
2458, 1838, 1600, 1764, 1847, 1782, 2034, 2220, 1278
2460, 1846, 1599, 1748, 1881, 1774, 2032, 2217, 1260
2455, 1838, 1593, 1754, 1930, 1761, 2005, 2214, 1250
2426, 1858, 1609, 1771, 1962, 1754, 1985, 2220, 1234
2429, 1867, 1625, 1771, 2010, 1742, 1945, 2232, 1225
2431, 1867, 1637, 1765, 2049, 1742, 1910, 2252, 1216
2422, 1863, 1640, 1742, 2116, 1743, 1925, 2258, 1205
2409, 1866, 1633, 1739, 2182, 1745, 1916, 2263, 1211
2397, 1864, 1624, 1740, 2212, 1724, 1902, 2286, 1212
2394, 1860, 1615, 1733, 2240, 1724, 1908, 2295, 1207
2375, 1868, 1595, 1695, 2241, 1715, 1896, 2315, 1201
2380, 1857, 1578, 1672, 2229, 1704, 1902, 2324, 1200
2424, 1834, 1587, 1672, 2202, 1685, 1881, 2313, 1177
2478, 1791, 1582, 1683, 2141, 1684, 1859, 2319, 1173
2509, 1770, 1572, 1705, 2113, 1682, 1837, 2328, 1158
2550, 1750, 1572, 1724, 2050, 1671, 1841, 2324, 1149
2645, 1726, 1575, 1716, 2043, 1669, 1829, 2316, 1137
2735, 1718, 1574, 1739, 2008, 1660, 1834, 2311, 1142
2827, 1703, 1585, 1746, 1990, 1658, 1857, 2309, 1136
2898, 1706, 1595, 1736, 1967, 1664, 1854, 2316, 1137
2956, 1702, 1604, 1748, 1929, 1661, 1811, 2326, 1132
2960, 1700, 1625, 1783, 1904, 1662, 1838, 2338, 1121
2950, 1703, 1642, 1783, 1870, 1673, 1867, 2316, 1114
2968, 1690, 1699, 1784, 1855, 1681, 1873, 2304, 1105
2947, 1691, 1771, 1779, 1830, 1684, 1888, 2302, 1084
2906, 1698, 1851, 1793, 1826, 1673, 1902, 2294, 1082
2847, 1702, 1983, 1808, 1839, 1670, 1920, 2282, 1076
2797, 1710, 2190, 1777, 1839, 1670, 1932, 2281, 1083
2764, 1713, 2478, 1782, 1850, 1675, 1973, 2294, 1073
2764, 1725, 2917, 1788, 1865, 1682, 1968, 2308, 1070
2721, 1722, 3585, 1796, 1874, 1669, 1988, 2309, 1074
2706, 1713, 4598, 1767, 1873, 1661, 2034, 2316, 1063
2651, 1733, 6138, 1766, 1870, 1649, 2059, 2322, 1058
2593, 1735, 8433, 1762, 1887, 1649, 2093, 2351, 1050
2602, 1733, 11844, 1756, 1907, 1627, 2132, 2375, 1032
2575, 1730, 16907, 1750, 1921, 1619, 2139, 2391, 1028
2552, 1741, 24449, 1759, 1939, 1622, 2157, 2399, 1023
2528, 1736, 35545, 1790, 1949, 1626, 2162, 2412, 1016
2493, 1725, 51703, 1792, 1986, 1631, 2163, 2402, 1018
2492, 1730, 74637, 1809, 2015, 1629, 2137, 2387, 1014
2513, 1735, 106351, 1829, 2023, 1609, 2115, 2400, 1006
2520, 1739, 148548, 1823, 2042, 1615, 2067, 2396, 1011
2528, 1743, 200942, 1848, 2051, 1610, 2076, 2371, 1004
2531, 1738, 258669, 1868, 2063, 1600, 2071, 2376, 1010
2570, 1756, 313253, 1869, 2053, 1598, 2048, 2359, 1018
2607, 1754, 354505, 1907, 2054, 1604, 2023, 2360, 1034
2611, 1768, 376358, 1935, 2063, 1586, 1988, 2369, 1041
2626, 1757, 381246, 1948, 2083, 1584, 1990, 2363, 1059
2630, 1760, 370520, 1994, 2094, 1575, 1986, 2371, 1067
2642, 1779, 347266, 2036, 2093, 1581, 1997, 2400, 1091
2606, 1794, 315979, 2038, 2113, 1570, 1988, 2424, 1110
2572, 1815, 282713, 2071, 2140, 1576, 1996, 2447, 1138
2568, 1815, 249698, 2079, 2152, 1576, 1986, 2499, 1175
2541, 1819, 217374, 2111, 2156, 1575, 1961, 2529, 1199
2531, 1844, 186570, 2144, 2176, 1579, 1945, 2537, 1232
2525, 1852, 156552, 2208, 2192, 1593, 1961, 2555, 1267
2519, 1845, 128002, 2237, 2222, 1581, 1984, 2586, 1306
2537, 1845, 102539, 2257, 2225, 1579, 2018, 2584, 1332
2537, 1839, 81061, 2281, 2219, 1587, 2040, 2523, 1343
2519, 1823, 63096, 2336, 2212, 1579, 2034, 2518, 1352
2520, 1806, 49340, 2379, 2231, 1588, 2027, 2531, 1379
2527, 1811, 39813, 2434, 2239, 1583, 1988, 2523, 1429
2527, 1794, 33278, 2451, 2251, 1596, 1984, 2502, 1465
2523, 1787, 29160, 2413, 2263, 1592, 1958, 2491, 1492
2522, 1794, 25426, 2349, 2268, 1595, 1964, 2465, 1512
2523, 1788, 21088, 2313, 2278, 1608, 1973, 2450, 1506
2544, 1780, 17412, 2302, 2265, 1602, 1956, 2440, 1503
2566, 1762, 14417, 2249, 2289, 1590, 1963, 2421, 1490
2552, 1768, 12016, 2213, 2291, 1594, 1940, 2397, 1469
2537, 1755, 9895, 2166, 2308, 1607, 1942, 2370, 1444
2562, 1745, 8101, 2109, 2324, 1605, 1945, 2349, 1412
2558, 1743, 6757, 2099, 2347, 1615, 1907, 2330, 1380
2588, 1745, 5743, 2094, 2363, 1614, 1885, 2292, 1370
2573, 1739, 4991, 2072, 2394, 1610, 1909, 2277, 1354
2569, 1744, 4419, 2066, 2457, 1609, 1927, 2258, 1331
2594, 1746, 3985, 2063, 2526, 1612, 1902, 2249, 1320
2623, 1758, 3661, 2048, 2631, 1632, 1889, 2250, 1307
2647, 1762, 3370, 2040, 2733, 1640, 1895, 2225, 1300
2657, 1750, 3152, 2059, 2822, 1648, 1921, 2226, 1298
2637, 1733, 2967, 2062, 2891, 1658, 1901, 2227, 1282
2643, 1731, 2813, 2068, 2913, 1669, 1915, 2210, 1265
2660, 1737, 2689, 2078, 2887, 1673, 1941, 2169, 1266
2677, 1749, 2590, 2107, 2830, 1687, 1937, 2155, 1246
2702, 1748, 2493, 2065, 2736, 1699, 1930, 2160, 1232
2717, 1740, 2414, 2094, 2668, 1698, 1955, 2161, 1211
2710, 1741, 2348, 2093, 2611, 1707, 1929, 2140, 1200
2728, 1757, 2281, 2111, 2539, 1711, 1930, 2143, 1199
2720, 1757, 2234, 2106, 2499, 1706, 1987, 2141, 1192
2718, 1766, 2203, 2113, 2492, 1702, 1996, 2144, 1197
2715, 1760, 2165, 2118, 2478, 1717, 2015, 2153, 1177
2720, 1744, 2133, 2126, 2478, 1712, 2033, 2152, 1170
2724, 1723, 2117, 2137, 2479, 1714, 2039, 2155, 1147
2695, 1710, 2085, 2158, 2511, 1704, 2026, 2129, 1142
2642, 1719, 2054, 2181, 2533, 1702, 1988, 2122, 1144
2596, 1716, 2033, 2204, 2535, 1706, 1985, 2107, 1136
2606, 1703, 2011, 2203, 2542, 1714, 1988, 2078, 1126
2578, 1701, 1982, 2196, 2533, 1725, 1975, 2060, 1139
2559, 1698, 1969, 2207, 2513, 1710, 1952, 2048, 1140
2557, 1704, 1931, 2205, 2534, 1703, 1936, 2053, 1146
2554, 1696, 1910, 2172, 2531, 1707, 1925, 2013, 1146
2563, 1691, 1871, 2167, 2530, 1722, 1943, 2010, 1140
2571, 1684, 1865, 2154, 2547, 1724, 1978, 1993, 1142
2561, 1715, 1858, 2159, 2573, 1734, 1989, 1977, 1138
2555, 1705, 1854, 2136, 2620, 1731, 1994, 1972, 1145
2565, 1717, 1839, 2096, 2700, 1735, 2016, 1943, 1152
2495, 1698, 1836, 2091, 2849, 1746, 2064, 1924, 1159
2501, 1677, 1813, 2091, 3015, 1745, 2098, 1923, 1169
2483, 1662, 1809, 2064, 3247, 1751, 2147, 1909, 1162
2494, 1681, 1790, 2055, 3499, 1753, 2196, 1893, 1173
2515, 1678, 1788, 2038, 3730, 1748, 2233, 1887, 1171
2513, 1683, 1779, 2056, 3941, 1752, 2261, 1873, 1182
2525, 1656, 1772, 2071, 4120, 1747, 2257, 1864, 1181
2522, 1644, 1760, 2075, 4143, 1748, 2294, 1843, 1198
2521, 1630, 1750, 2054, 4040, 1735, 2321, 1826, 1196
2537, 1613, 1740, 2059, 3887, 1728, 2354, 1813, 1203
2579, 1623, 1729, 2052, 3646, 1718, 2385, 1809, 1194
2622, 1632, 1719, 2045, 3448, 1711, 2385, 1813, 1189
2656, 1642, 1703, 2067, 3293, 1697, 2407, 1828, 1194
2647, 1651, 1685, 2048, 3184, 1678, 2479, 1804, 1203
2641, 1649, 1668, 2050, 3149, 1673, 2482, 1803, 1201
2602, 1647, 1662, 2066, 3115, 1679, 2539, 1791, 1201
2562, 1640, 1657, 2082, 3122, 1666, 2557, 1789, 1210
2566, 1633, 1653, 2067, 3131, 1661, 2551, 1773, 1199
2560, 1626, 1635, 2068, 3120, 1662, 2522, 1769, 1202
2555, 1630, 1624, 2079, 3074, 1665, 2514, 1761, 1207
2565, 1636, 1600, 2081, 2953, 1658, 2528, 1758, 1213
2539, 1631, 1584, 2096, 2850, 1654, 2572, 1746, 1203
2516, 1617, 1577, 2111, 2772, 1659, 2626, 1732, 1193
2538, 1612, 1573, 2085, 2686, 1671, 2698, 1717, 1190
2545, 1603, 1558, 2059, 2625, 1667, 2725, 1722, 1193
2578, 1589, 1552, 2029, 2559, 1674, 2781, 1728, 1194
2568, 1586, 1545, 2046, 2495, 1685, 2845, 1732, 1189
2542, 1595, 1545, 2055, 2449, 1681, 2845, 1748, 1197
2584, 1595, 1548, 2066, 2435, 1704, 2775, 1750, 1187
2613, 1588, 1546, 2113, 2420, 1707, 2664, 1734, 1192
2634, 1586, 1532, 2128, 2374, 1712, 2534, 1709, 1196
2667, 1603, 1535, 2143, 2349, 1711, 2416, 1696, 1192
2662, 1600, 1528, 2144, 2323, 1703, 2327, 1677, 1186
2638, 1601, 1528, 2158, 2291, 1698, 2271, 1660, 1187
2615, 1609, 1513, 2157, 2270, 1698, 2215, 1660, 1183
2618, 1612, 1514, 2178, 2272, 1684, 2137, 1634, 1182
2614, 1617, 1501, 2228, 2260, 1671, 2077, 1625, 1165
2604, 1614, 1491, 2266, 2255, 1683, 2066, 1626, 1158
2565, 1601, 1491, 2289, 2242, 1680, 2033, 1617, 1148
2544, 1600, 1484, 2272, 2239, 1678, 2000, 1615, 1146
2521, 1596, 1489, 2312, 2229, 1674, 1976, 1612, 1149
2518, 1595, 1488, 2328, 2193, 1671, 1978, 1610, 1150
2525, 1586, 1501, 2356, 2175, 1667, 1974, 1622, 1153
2543, 1580, 1497, 2359, 2154, 1666, 1949, 1608, 1156
2546, 1580, 1505, 2340, 2164, 1660, 1942, 1598, 1160
2563, 1587, 1505, 2275, 2169, 1661, 1959, 1586, 1162
2534, 1586, 1511, 2234, 2169, 1654, 1991, 1571, 1162
2535, 1584, 1514, 2207, 2179, 1633, 2009, 1567, 1159
2499, 1593, 1512, 2207, 2179, 1624, 2037, 1572, 1160
2470, 1594, 1518, 2204, 2164, 1620, 2093, 1579, 1154
2473, 1585, 1524, 2209, 2176, 1612, 2121, 1581, 1148
2467, 1587, 1532, 2190, 2170, 1611, 2134, 1580, 1156
2457, 1580, 1534, 2173, 2185, 1618, 2138, 1582, 1164
2450, 1571, 1533, 2145, 2156, 1614, 2152, 1573, 1174
2453, 1562, 1534, 2101, 2155, 1612, 2154, 1586, 1183
2470, 1559, 1523, 2105, 2149, 1612, 2177, 1572, 1191
2483, 1566, 1513, 2086, 2146, 1610, 2174, 1562, 1200
2491, 1545, 1512, 2075, 2131, 1607, 2169, 1550, 1200
2481, 1540, 1506, 2047, 2120, 1600, 2133, 1562, 1201
2501, 1550, 1500, 2039, 2108, 1596, 2083, 1581, 1199
2495, 1559, 1501, 2048, 2111, 1591, 2033, 1583, 1208
2486, 1548, 1504, 2022, 2113, 1583, 1979, 1589, 1216
2481, 1527, 1510, 2002, 2121, 1570, 1941, 1589, 1211
2497, 1523, 1518, 1968, 2124, 1570, 1919, 1601, 1223
2491, 1531, 1530, 1959, 2134, 1560, 1932, 1612, 1218
2486, 1516, 1531, 1987, 2151, 1558, 1921, 1599, 1224
2489, 1499, 1532, 2012, 2154, 1555, 1874, 1581, 1221
2518, 1501, 1542, 2036, 2148, 1547, 1862, 1571, 1228
2530, 1493, 1542, 2055, 2147, 1535, 1868, 1586, 1236
2535, 1499, 1537, 2049, 2152, 1522, 1856, 1580, 1248
2543, 1510, 1543, 2081, 2148, 1516, 1865, 1586, 1271
2526, 1509, 1535, 2092, 2162, 1514, 1862, 1591, 1298
2561, 1511, 1533, 2072, 2150, 1513, 1847, 1599, 1300
2544, 1497, 1547, 2061, 2171, 1518, 1861, 1581, 1306
2533, 1489, 1557, 2069, 2179, 1527, 1864, 1567, 1309
2526, 1499, 1566, 2090, 2174, 1529, 1850, 1560, 1314
2520, 1503, 1576, 2103, 2169, 1529, 1847, 1572, 1316
2538, 1507, 1577, 2118, 2170, 1521, 1844, 1589, 1326
2554, 1516, 1593, 2122, 2171, 1537, 1831, 1599, 1333
2573, 1519, 1592, 2108, 2180, 1541, 1844, 1618, 1328
2579, 1517, 1599, 2104, 2173, 1549, 1867, 1625, 1348
2591, 1509, 1610, 2115, 2165, 1533, 1867, 1631, 1353
2557, 1522, 1616, 2111, 2161, 1525, 1836, 1625, 1350
2561, 1547, 1636, 2082, 2159, 1524, 1817, 1615, 1355
2562, 1564, 1659, 2079, 2147, 1528, 1786, 1615, 1345
2578, 1586, 1680, 2074, 2144, 1537, 1764, 1610, 1352
2560, 1607, 1702, 2076, 2142, 1544, 1736, 1604, 1360
