859, 859, 773, 881, 835, 795, 832, 798, 752
292, 302, 250, 306, 290, 258, 297, 298, 269
330, 298, 249, 338, 276, 229, 301, 306, 253
347, 322, 255, 380, 274, 238, 316, 235, 199
421, 310, 242, 405, 295, 206, 386, 282, 190
476, 334, 253, 477, 293, 230, 428, 299, 237
448, 313, 252, 486, 311, 228, 450, 305, 248
451, 313, 250, 463, 329, 226, 457, 292, 222
424, 307, 237, 477, 306, 211, 419, 332, 194
426, 291, 204, 493, 332, 215, 432, 291, 216
381, 256, 232, 449, 318, 208, 385, 313, 221
389, 299, 216, 293, 333, 171, 353, 279, 184
329, 264, 228, 365, 304, 173, 345, 282, 201
297, 298, 205, 288, 262, 204, 249, 271, 220
277, 278, 192, 264, 268, 204, 244, 277, 174
175, 250, 177, 139, 189, 178, 262, 256, 120
213, 190, 168, 187, 226, 188, 140, 238, 99
76, 154, 184, 126, 204, 160, 229, 234, 153
114, 172, 157, 141, 160, 182, 132, 188, 141
34, 158, 167, -46, 170, 176, 3, 128, 122
55, 192, 144, 1, 158, 175, -43, 149, 124
-27, 104, 137, -10, 191, 123, 66, 140, 137
55, 89, 81, -14, 121, 144, 76, 90, 119
63, 33, 119, -163, 61, 162, 15, 130, 138
-40, 49, 56, -98, 71, 105, 68, 52, 112
-65, 66, 50, -125, 31, 110, -67, 44, 77
-65, 36, 37, -185, -19, 108, -171, 91, 79
-85, -57, 68, -170, 1, 103, -186, -13, 90
-209, -36, 70, -124, -41, 47, -185, -72, 84
-122, -63, 19, -146, -34, 13, -186, -52, 52
-123, -22, 38, -249, -77, 59, -146, -110, 59
-62, -51, 51, -212, -27, 57, -150, -36, 13
-207, -37, -36, -240, -90, 10, -244, -50, 2
-270, -101, -23, -203, -86, -6, -164, -85, -6
-215, -110, -58, -232, -112, 3, -176, -90, 7
-233, -116, -28, -209, -90, -2, -215, -104, 8
-178, -114, -20, -92, -95, -31, -178, -100, -12
-289, -86, -20, -167, -134, -11, -259, -100, 29
-275, -100, -39, -189, -158, -43, -180, -169, -8
-279, -154, -42, -141, -172, -60, -169, -124, -34
-234, -199, -53, -209, -181, -47, -199, -91, -87
-229, -169, -51, -173, -118, -46, -135, -140, -13
-226, -161, -75, -226, -146, -70, -195, -119, -50
-228, -178, -68, -233, -174, -59, -149, -114, -32
-227, -140, -80, -165, -183, -70, -195, -129, -80
-256, -156, -77, -243, -138, -58, -147, -160, -93
-152, -178, -75, -146, -152, -71, -146, -152, -70
-182, -118, -64, -199, -178, -72, -102, -141, -95
-151, -157, -88, -136, -159, -92, -75, -138, -70
-159, -161, -112, -119, -148, -80, -115, -132, -70
-92, -125, -46, -164, -150, -116, -126, -124, -76
-159, -152, -68, -144, -125, -106, -129, -143, -92
-129, -131, -99, -115, -121, -116, -105, -94, -88
-128, -122, -104, -83, -132, -48, -163, -132, -95
-120, -135, -88, -126, -92, -86, -93, -120, -95
-114, -172, -122, -137, -112, -143, -92, -128, -68
-86, -154, -97, -83, -127, -103, -141, -126, -76
-94, -122, -86, -90, -125, -78, -148, -106, -97
-82, -94, -101, -116, -87, -92, -84, -99, -106
-91, -137, -104, -92, -118, -119, -101, -148, -69
-122, -167, -119, -106, -123, -96, -126, -126, -62
-96, -101, -96, -104, -99, -105, -139, -152, -83
-176, -114, -83, -106, -89, -107, -110, -117, -111
-109, -83, -100, -111, -100, -91, -109, -115, -124
-88, -106, -112, -91, -116, -93, -93, -176, -88
-88, -122, -89, -78, -98, -93, -92, -135, -104
-84, -79, -72, -50, -76, -106, -134, -112, -103
-34, -123, -96, -60, -76, -109, -84, -139, -81
-64, -86, -84, -64, -116, -70, -91, -106, -67
-53, -101, -76, -58, -109, -75, -88, -128, -94
-38, -79, -102, -85, -123, -120, -107, -120, -85
-82, -78, -81, -42, -91, -93, -88, -79, -93
-76, -111, -79, -61, -82, -68, -128, -86, -116
-24, -72, -76, -60, -75, -114, -105, -121, -74
-15, -80, -72, -44, -95, -103, -61, -105, -104
-47, -67, -90, -38, -132, -90, -75, -96, -87
-46, -84, -89, -52, -93, -109, -45, -89, -103
-11, -86, -96, -46, -78, -74, -63, -100, -90
-52, -78, -77, -34, -95, -101, -44, -65, -78
-53, -95, -67, -30, -59, -104, -62, -64, -97
-70, -96, -62, -50, -69, -60, -94, -98, -94
-50, -53, -107, -10, -51, -64, -43, -88, -99
-16, -100, -90, -20, -78, -104, -44, -90, -96
-52, -74, -72, -21, -60, -84, -84, -91, -77
-82, -72, -73, -13, -74, -70, -63, -110, -105
-64, -41, -111, -36, -70, -62, -45, -68, -76
-44, -57, -90, -32, -53, -101, -38, -70, -73
-32, -41, -54, -25, -67, -65, -53, -73, -54
-30, -82, -59, -39, -53, -95, -37, -72, -93
-51, -58, -65, -28, -44, -89, -18, -73, -71
-14, -53, -64, -6, -38, -85, -56, -83, -83
-25, -59, -71, -33, -48, -65, -26, -53, -73
-27, -52, -59, -39, -64, -70, -29, -72, -68
-45, -49, -65, -58, -73, -82, -29, -78, -72
-44, -43, -49, -32, -53, -54, -21, -54, -57
-34, -55, -65, -39, -61, -47, -26, -46, -68
-23, -43, -65, -20, -63, -38, -26, -52, -66
-28, -41, -70, -26, -47, -59, -11, -52, -60
-47, -50, -73, -40, -33, -60, 2, -52, -69
-43, -42, -50, -26, -19, -75, -5, -53, -66
-37, -36, -62, -44, -47, -47, -37, -56, -82
0, -48, -62, -28, -70, -60, -29, -41, -52
-6, -23, -49, -27, -36, -38, -5, -35, -53
-40, -46, -32, -33, -44, -38, -16, -35, -67
-19, -44, -31, -18, -35, -64, -17, -42, -67
-12, -24, -43, -27, -33, -59, -30, -54, -50
-4, -31, -52, -29, -38, -64, -36, -36, -50
-20, -25, -46, -4, -42, -38, -4, -40, -71
-26, -4, -50, -18, -24, -43, -33, -25, -55
-35, -29, -37, -26, -31, -52, -16, -32, -53
-31, -26, -34, -25, -42, -43, -21, -31, -64
-32, -25, -16, -17, -19, -32, -8, -43, -56
-29, -46, -41, -64, -19, -50, -37, -46, -56
-29, -32, -30, -42, -38, -45, -19, -23, -57
-14, -9, -39, -38, -25, -50, -36, -18, -44
-20, -19, -52, -15, -37, -34, -24, -38, -32
-34, -20, -40, -57, -20, -46, -40, -9, -30
-21, -30, -44, -30, -28, -40, -27, -15, -46
-23, -35, -15, -26, -34, -32, -37, -19, -31
-24, -29, -27, -13, -36, -38, -11, -24, -35
-25, -12, -32, -16, -28, -34, -2, -29, -42
3, -26, -19, -30, -22, -29, -26, -24, -44
8, -17, -30, -12, -31, -36, -23, -34, -53
12, -20, -36, 1, -18, -30, -11, -24, -46
15, -9, -34, -26, -33, -31, -12, -32, -36
-3, -12, -29, -20, -14, -38, -12, -13, -33
0, -11, -17, -5, -32, -30, -12, -10, -45
-4, -3, -26, 1, -14, -39, 6, -12, -36
-12, -19, -43, 6, -12, -31, -22, -2, -39
5, -31, -46, -16, -8, -19, 5, -24, -20
-20, -20, -36, -15, -11, -21, -7, -19, -27
-11, -9, -29, -31, -3, -12, 1, -19, -39
-24, 2, -22, -24, -16, -33, -12, -5, -26
-2, 0, -28, -8, -20, -19, -26, -26, -46
-28, -18, -20, 6, -10, -26, 0, -13, -31
-12, -15, -18, -4, -8, -25, -7, -3, -26
-26, -20, -33, -16, -15, -34, -16, -9, -33
-10, -20, -31, -3, 0, -18, -12, -17, -30
-15, -22, -37, 0, -14, -19, -11, -23, -27
-6, -5, -23, 5, -22, -12, -15, -15, -34
-21, -6, -27, -2, -5, -31, 7, -16, -34
-24, -14, -12, -19, -10, -35, 9, -7, -18
-13, -15, -18, -14, -7, -30, -1, -12, -32
6, -22, -24, -15, -15, -17, -19, -2, -10
-30, -12, -18, -8, -7, -14, -17, -25, -26
4, -10, -24, -18, -12, -26, -1, -1, -29
-8, -9, -15, -14, -16, -18, -26, -7, -31
-14, -13, -25, -14, -14, -10, -25, -7, -30
-15, -3, -19, -18, -4, -9, -39, -17, -25
8, -11, -18, 1, -10, -16, -6, -1, -29
-17, 0, -25, -2, -25, -7, -10, -5, -16
-5, -13, -14, -9, -10, -7, -13, -9, -32
-2, -4, -11, -3, -11, -20, -4, -10, -18
-6, -8, -16, -3, 3, -14, -1, -1, -30
3, -19, -17, 5, -5, -14, 0, -8, -14
7, -20, -9, 6, -27, -13, 0, -5, -29
-8, -8, -11, -7, -6, -11, -7, -1, -17
2, -3, -17, 3, -15, -10, 2, -13, -15
1, -19, -8, 23, -15, -10, -11, -18, -15
-6, -6, -6, 9, -19, -25, 2, 1, -10
-5, -10, -15, -15, -4, -33, -2, -14, -18
-3, -6, -1, -23, -23, -10, 7, -16, -16
12, -1, -19, -16, -10, -28, -2, -7, -6
-12, 3, -13, -3, -18, -15, 16, -8, -8
-19, -1, -16, 6, -5, -17, 0, -7, -17
-7, 7, -5, -3, -4, -9, 1, 4, -14
-13, -4, -15, 11, -13, -13, -4, -12, -22
0, -13, -12, -10, -6, -25, 0, 2, -14
2, -6, -16, -10, -11, -8, 6, 0, -10
-13, -17, -9, -8, 9, -18, -3, -1, -5
0, -12, -5, -21, -3, -11, -1, -1, -11
2, -3, -25, 2, -15, -9, -1, -1, -10
-11, -6, -6, -3, -9, -19, -5, -5, -21
-8, 1, -9, -17, -18, -1, -11, 7, -16
-8, 4, -7, -5, -6, -11, 1, -1, -9
-6, -2, -7, -30, -3, -2, 3, -4, -8
-3, -4, -10, 1, -9, -5, -5, -14, -11
3, -6, -9, -4, -6, -8, 2, -4, -1
0, -4, -16, 882, -4, -12, 15, -13, -9
7, -16, 0, 106, -1, -13, -13, -3, -13
1, 6, 0, -21, 5, -17, 6, 2, -12
14, -16, 2, -9, 3, 1, 2, -2, -6
1, -9, -13, -2, -4, -6, -3, 5, -2
-19, 2, -5, 11, 3, -9, 2, 15, -1
-9, -6, -14, -11, 5, -15, 19, -1, -10
-9, -5, -5, 5, -5, -14, 25, -10, -8
1, -8, -3, 3, 3, -13, 22, 3, -14
-5, -5, -18, 37, 8, 3, 9, 0, -8
-2, -17, -3, -2, 9, -9, 0, 0, -10
8, -9, -6, -20, 7, -6, -5, 0, -6
-5, -16, 5, 2, -4, 2, -12, 3, -6
1, -6, -11, 11, -4, 3, 3, 16, -10
3, -4, -19, -28, -7, -7, -11, 0, -7
11, -24, -8, -20, -10, -4, -13, 3, 0
0, -2, -2, -2, 8, -9, -7, 3, -3
-3, -9, -4, 0, 4, 1, -10, -6, 4
6, -2, -8, -40, 7, 6, 4, -2, -9
0, 9, -7, -5, -9, -1, 23, -5, -5
-4, -11, -6, -39, -18, -8, -3, 5, -15
-16, -7, -7, -44, 1, -8, 18, -10, -12
-14, -9, 1, -10, 5, -13, 24, -6, 173
866, -2, -6, -3, -2, -8, 26, -7, 23
141, -14, -4, -12, -4, 4, -5, -8, 14
-9, -9, 1, -9, -4, -3, 1, -7, 22
5, 2, -9, 4, 1, 6, 25, 10, 12
0, -4, -10, -23, 5, 5, 20, 14, 11
-13, 1, 4, -23, -2, 3, 9, -9, 13
-1, -3, -4, -18, 8, 2, 4, -15, -2
15, -8, -18, 5, 9, -3, -1, 2, -5
6, -12, 2, -10, -5, -12, 18, 2, -10
43, 2, -2, -10, 2, -4, 17, 6, -1
-25, 0, -10, -18, -2, 2, 8, 0, -5
-17, 4, 5, -5, 4, 6, 33, -5, -3
-11, -9, -3, -5, -9, -7, 33, -4, -6
33, 1, -3, 1, 0, 2, 18, 3, -3
-5, 13, -1, -3, 9, 4, 17, 1, 2
-30, 6, -10, 31, 0, 6, 7, 2, -2
-25, 3, -14, 35, 6, -10, 13, 3, -7
-39, 0, -3, 29, 2, -7, 3, 7, -2
-33, 3, -12, -6, 5, -1, -5, 12, -11
-39, 3, -3, 11, 15, 6, -16, 10, -2
-75, 4, -2, 7, 24, -12, -16, -13, 4
-12, 1, -4, -9, 5, 5, 18, 1, -14
2, 9, 0, -21, 6, -2, -8, 0, 4
6, 4, -9, 9, -2, -18, -15, 1, -15
-4, -3, -1, -13, 10, -5, -18, 2, -3
-26, 3, -18, 6, 1, 7, -10, -2, -8
2, 4, -5, 2, 5, -8, -3, 1, -8
4, 5, -5, 8, 15, -2, -15, -9, -2
-2, 6, -9, -12, 12, -2, -15, -9, -4
-18, 5, -10, -13, 18, -3, -12, 3, 6
-18, 4, 3, -1, 5, 3, 15, 0, -4
-13, 3, -2, 36, -14, -2, 24, 10, 6
-32, 3, -15, 3, -13, 1, 4, 11, -3
-15, 2, -10, -1, -12, -7, 22, -8, 7
-30, 3, -15, -11, -5, 1, 27, 8, 15
21, 13, -10, -7, -8, 0, 2, 3, 9
11, -6, -8, -13, -5, 5, -13, 7, 16
-1, 2, -6, 26, 0, -3, 17, 1, 9
-4, 14, -3, 27, 2, 8, -10, 0, 2
-17, -1, -11, -13, 7, -3, 7, 2, 10
-38, 7, 2, -10, 0, 6, 10, 2, 9
0, 13, -2, 37, 3, -7, -22, 2, 2
-1, 11, -5, 11, -7, -10, 5, -1, 5
9, 1, -10, -6, 1, 2, 10, -6, 6
6, -8, 6, 19, -5, 13, 5, -4, 5
8, -5, -13, 33, 10, -9, 22, 2, 3
-2, 5, -6, -13, -5, -5, 36, -6, -8
1, 9, 3, 9, -2, 3, 21, 0, -7
29, 14, 4, 18, -9, 16, 13, -13, -7
-7, 3, 1, 21, -12, 3, 9, -2, -4
-27, 6, 6, 6, -15, 3, 18, -1, -6
12, 0, -3, 4, -12, -3, 26, -8, 1
15, -8, -11, 12, -10, 4, -21, 4, 7
5, 1, -8, 5, 7, -8, -23, -6, -11
-30, -2, -15, -3, -3, 1, 14, -2, 5
-25, 10, 1, -1, 26, 0, 3, 1, -5
-34, 0, -1, -1, 1, -4, 5, 1, -4
-26, 2, -3, 36, 11, 2, 11, 6, 12
-12, -4, -3, 24, -2, -4, -2, 3, 5
-22, -7, 3, -12, -1, -8, -28, 7, 2
4, -5, 9, 3, -4, -12, 1, 19, 2
17, 12, 6, 7, -3, -3, 18, 15, 11
-27, 0, -8, -4, 8, 4, 3, 13, 7
-16, 13, -3, -9, -1, 4, -2, -2, 9
-18, 26, -7, 3, 6, 11, 0, 5, 1
-7, 9, -6, -4, -3, 1, 39, 5, 12
10, 8, -4, 21, 8, -1, 22, -1, 9
1, 2, -2, -15, -5, -9, -10, -4, 18
12, 9, 2, -29, 2, -4, -1, 8, 7
5, -2, -2, -4, 14, -1, -7, 5, 16
-11, 16, 6, 11, 6, -6, 13, 16, -6
-4, 21, 10, 19, 25, -13, 15, 7, 0
-5, 11, 1, -24, 15, 0, 32, 10, -6
1, 0, -4, -15, 5, -5, 2, 6, 11
20, 15, -3, 30, 9, 7, 14, 3, -5
-4, -3, -4, -9, 7, -3, 23, 10, 7
-10, 4, -4, -27, 21, -2, 13, 16, -4
-2, 4, -7, -26, 5, 4, -22, 22, 5
-29, -14, 4, 8, 7, 15, -17, 19, -13
-23, -13, 7, -9, 4, -6, 0, 2, 10
11, -3, -8, -25, 10, 7, -20, -1, -5
7, 13, 0, 7, 15, -13, -5, 16, 8
2, -4, 6, 9, -7, 1, -9, -1, -10
-8, 11, -1, -9, 5, 12, -6, 10, 6
9, -5, -12, -6, -1, -6, -7, 5, -1
24, 4, 0, -7, 12, 10, -18, 0, -4
18, 0, -10, -2, 14, -1, 5, 27, -1
-7, 6, 8, -3, 26, 11, 6, 0, 6
-3, -3, -5, -9, 9, 5, -8, 11, -9
12, 1, 9, -23, 13, -2, 7, -1, -5
1, 9, -22, 5, 10, 7, 26, 12, 6
22, 6, -3, -23, 5, -6, -5, 24, -3
-9, -16, 5, -24, -7, 4, 17, 9, -2
-16, 9, 1, -18, -17, -9, -7, 24, -3
7, 4, -8, -23, -2, -6, -4, 22, -13
6, 15, 6, -16, -16, -7, -14, 12, 3
-3, 9, 3, -36, -4, -4, -9, 28, 4
-12, 12, 3, -12, -3, -3, -26, 16, 1
-10, 8, -9, 0, -5, -1, -5, 14, 2
-13, -3, 11, -1, 3, -1, 4, 13, 1
-18, -5, -11, -11, 7, 3, -13, 22, 0
-3, 2, 2, 14, 4, 0, 17, 8, 3
8, 10, -7, -11, -5, 4, 31, 13, -9
1, 1, -6, -10, 7, 9, 13, 14, -9
11, 4, -5, -10, 13, -10, -2, 0, -20
24, 13, -2, -12, 27, -1, 11, 13, -3
33, 9, -5, 8, -3, -11, 25, 26, -2
47, 10, -11, 13, 8, -8, 38, 12, 4
11, -8, 5, 26, 11, -1, 4, 11, 4
36, 2, 12, 10, -1, 5, 12, 13, -9
6, -4, 15, -9, 4, 3, 27, -5, -11
5, -7, 4, 14, 15, 4, 23, 0, 7
1, 6, 6, 14, 3, 2, 27, -9, 6
-20, 12, 1, 2, 20, -1, 50, 6, -3
5, 10, -1, 7, 4, -14, 49, 3, 2
9, -4, -11, 10, 10, -15, -5, 1, 0
-6, -5, -2, 21, 25, -12, 47, -6, 12
8, 5, -5, 11, 5, 2, 14, -17, 0
13, 0, -3, 5, 5, 5, 12, 0, -6
-7, 6, -10, 17, 21, -5, 17, 6, 0
-26, 25, 4, 41, 2, -1, -4, -7, 6
3, 13, -4, 46, 3, -4, -6, 1, 0
0, 12, 0, 31, 10, 11, -2, 5, -3
25, -2, 0, -4, 17, -2, -20, 7, 12
-7, 3, -7, 16, 3, 2, 9, 1, 1
22, 8, -8, 14, 6, -1, 4, 2, -1
12, 2, 4, -6, 9, -9, 28, -15, -6
-8, 0, -5, -17, 2, -3, 9, -14, 0
12, -6, 6, -31, -14, -2, 42, 16, 8
-8, 19, 1, -41, 5, -11, 26, 7, 9
17, 8, -4, -19, 0, -3, 17, -1, -1
8, 6, -8, -16, -12, -5, 5, -6, 17
20, 0, -6, 14, -8, -9, -13, 4, 2
25, 1, -5, 26, 17, 2, 33, -7, -3
12, -6, 0, -10, 8, -13, 40, -8, -6
-2, 9, 2, 36, -3, 16, 56, -8, 6
-6, 7, 2, 10, 11, -5, 34, -7, 3
19, 11, -8, 52, 16, 1, 28, 1, 13
11, 2, -1, 12, 15, -4, 8, 4, 1
-13, 8, 0, 14, 9, 8, 22, 12, -3
17, 4, -5, 37, 12, -8, 57, 21, 10
-13, 15, 6, -16, 21, 0, 55, -8, 3
-17, 2, 4, 15, 11, 9, 16, 10, -7
-28, 19, 11, -13, 9, -4, 68, 6, -11
16, 16, -2, -17, 23, -2, 50, -8, 4
7, -11, 0, 5, 6, -6, 55, -5, 2
21, 0, 8, 26, 10, -11, 29, -11, -1
5, 9, 1, 3, 9, 4, 57, -18, -12
-7, 16, -5, -11, 15, 8, 15, 10, 0
20, 25, 1, 28, 15, -6, 77, -9, -5
8, 24, 8, -30, 19, -12, 30, -3, -4
9, 23, 0, -8, 25, -1, 58, 3, 3
-10, 13, 3, -28, 5, -7, 12, -7, 4
-13, 13, -6, -19, 4, 3, -21, 6, -9
16, 4, 2, 0, 18, 0, 22, -5, 6
12, 5, -1, -5, 19, -9, -13, 0, 0
11, -1, 3, -3, 21, -5, -36, -9, -6
39, 9, 7, 11, -13, -20, -24, 5, -5
-19, 22, 6, -13, 12, -9, -50, 3, -8
8, 7, 16, 8, 10, -3, 12, 11, -6
-5, -4, 6, 22, 20, -1, 0, 13, 0
22, -1, -3, 17, 29, -6, 25, 25, 1
-14, 10, 13, 10, 17, 3, -1, 21, 3
5, 15, 11, -6, 19, 2, -21, 19, -19
7, 3, 7, 5, 24, 5, -4, 8, 11
43, 20, 11, -4, 19, -1, -1, 0, 11
-2, 14, -1, 28, 42, 8, 19, 10, -2
17, 18, -10, -3, 26, 1, -29, 21, 1
2, 17, -17, -17, 44, 6, 1, 25, 8
47, -2, 9, 26, 20, 1, -17, 17, -5
18, 23, -3, 8, 10, -1, 35, 29, -1
-16, 7, 2, -1, -3, 3, 36, 25, 4
-15, 4, 1, -4, 6, 19, 46, 34, 8
-5, -15, 7, 8, 9, 0, 5, 34, -2
0, 11, -1, 3, 10, -9, -1, 31, -21
-9, -2, 7, 8, -8, 15, 7, 6, 6
7, 5, 0, 40, 5, 6, -9, 9, 13
-18, 4, -9, 22, 6, 2, 19, 12, -9
29, 7, 11, 11, 19, -1, 13, 19, -1
34, 7, 12, 41, 14, 6, 7, 10, -7
24, -2, 11, 17, -6, 0, -1, -10, 8
12, -10, 12, 25, -5, 6, 11, 1, -10
39, -10, 1, -1, 20, 9, 13, 25, 11
-4, -13, 8, 40, 40, 13, -33, 22, -2
-10, -16, 14, 36, 38, 6, -7, 10, 0
34, -6, 17, 13, 22, -1, -17, 15, -14
29, -2, 12, 35, 15, 7, -59, 23, -4
5, 20, 14, 21, 12, 7, -40, 11, -6
-3, 14, -1, -29, 13, 5, -5, 18, -10
5, 3, 7, -40, -19, 4, -8, 16, -7
-10, 0, 17, -24, -5, 5, -32, 37, 5
11, 32, 4, 30, -5, -1, 9, 13, 1
-5, 7, 0, 29, 0, 14, 32, 24, 2
-26, 22, 7, 8, -5, 10, 10, 35, -5
-12, 10, -8, -6, -4, 22, 7, 26, -12
-16, -2, -7, 22, 19, 15, -12, 14, 7
-10, 27, -7, 31, 14, 28, -41, 37, -3
25, 33, -21, 16, 9, 29, -42, 22, 10
16, 17, 1, -22, -8, 22, -9, 42, 7
22, 9, -6, -1, 17, 24, 3, 30, 6
26, 9, -2, -19, 8, 18, -6, 24, 3
9, 10, -5, 33, 1, 20, 2, 22, 1
1, -4, -3, 3, 12, -1, 7, 6, -13
3, 12, -15, -6, 16, 3, 36, 45, 3
23, 1, -9, 8, 34, 11, 18, 25, 5
-9, 22, -12, 1, 29, -13, 36, 24, 0
13, 10, -1, 8, 16, 4, 8, 39, -4
-9, 21, -11, 21, -7, 13, 10, 17, 2
-13, -5, -9, -30, 2, 12, -1, 33, -3
-9, 8, -11, 33, 35, 10, 10, 13, 2
6, 15, 2, 10, 24, -5, 9, 24, -2
0, 7, -13, 11, 9, 1, 14, 5, 4
-4, 24, -7, 39, -17, 10, 21, 26, 1
12, 13, -13, -28, 0, 2, 12, 52, 1
12, 6, 8, -2, 31, 6, 23, 17, 9
-6, 4, 5, -41, 20, -16, 2, 17, -5
-6, 9, 4, -21, -12, -4, 8, 23, 2
5, 5, 3, -14, 3, -10, -12, -10, 4
8, -20, -15, 21, 10, -20, -2, -14, -7
-3, -18, 6, 28, -1, -18, 15, 6, 7
13, 10, -6, 50, -1, 0, 45, -2, 3
0, 1, 9, 20, -2, -4, 25, 21, 4
23, 7, -2, 45, 12, 6, 8, -10, 0
-12, 13, 5, 41, -3, 3, 1, 31, 5
-19, -12, 6, 82, 15, 9, -59, 11, 7
37, -12, -13, 81, -6, -15, -46, 40, 4
10, 21, 0, 59, 31, -4, 8, 29, 4
48, 7, 1, 53, 21, 7, -46, 8, 9
26, 30, 2, 56, 9, 9, 3, -31, -6
39, 32, 12, 2, 24, 26, -24, 0, 3
4, 26, -3, -1, -11, 21, -23, 13, 8
42, 6, 11, -22, 1, 26, 13, 14, 2
27, 23, -1, -10, 9, 18, -15, -12, 6
23, 11, -3, -11, 6, 6, 6, -3, -6
38, 16, 6, -55, -8, 1, 1, 19, 0
24, -15, 2, 13, -1, -7, 35, 3, 11
32, -9, 7, -42, -23, -5, 36, 21, 5
12, 15, 21, -11, 22, -15, 47, 12, -7
8, 16, 6, -5, -27, 15, -20, 20, -1
23, 14, 2, -21, -26, 13, 38, 18, 11
26, -2, 9, -50, -1, 11, -46, -2, 0
17, -10, -6, -7, -16, -2, -40, 11, 2
18, 11, 1, 6, -25, -2, 19, -4, 3
5, 10, -1, 4, -23, -8, -24, 17, 3
30, -2, -4, -2, -8, -7, 7, 8, 0
25, 3, 2, -9, -13, -9, -13, 1, 8
17, 17, 23, 27, -26, -19, -44, -15, 13
12, 8, 1, 19, -5, 0, 27, -6, 11
5, 20, 2, -2, -11, 0, 6, 11, 8
26, -1, 2, 41, -9, -8, 26, -7, -2
8, -8, 0, 9, -19, 5, -9, -15, -7
6, 24, 7, -15, -16, 7, 3, -11, -3
-33, 26, 18, 6, -10, 4, 3, 2, 4
8, 25, -3, -17, -15, 1, 2, -35, 11
34, 16, 9, 40, -18, 0, 19, 6, 22
-5, -1, 4, -1, 4, -4, 5, -10, 5
-5, -1, 7, 28, -26, 1, 10, -1, 18
-27, -1, 12, 2, -23, 4, -19, -13, 8
-16, 30, 1, 12, -4, -6, -48, -35, 1
-16, 21, 4, 3, -12, -15, -47, 5, 7
-21, 7, 3, 9, 6, 15, -14, -19, -1
-40, 20, 2, 31, 6, 17, -10, -1, -10
-19, 20, -2, -7, -27, 19, 22, -14, 0
-1, 2, -7, -22, 8, 17, 55, -36, -6
0, 8, -1, -5, 4, 4, 59, 3, 3
36, 18, 1, 34, 18, 2, 57, 1, -12
18, 37, 2, 18, -19, -10, -5, 2, -6
25, 53, 1, 12, -35, -7, 32, -12, 7
-15, 51, 9, -14, -22, 7, 4, -9, 3
-15, 58, 10, -5, -14, -6, 10, 5, 2
2, 48, 3, -13, -22, 5, 4, -10, 3
-20, 79, -12, -12, 0, 0, 20, -9, 3
-15, 97, -4, -21, 0, 3, 37, -17, 3
15, 107, 15, -12, 3, -1, 9, -15, 1
-18, 85, 1, -18, 17, 0, 50, -4, -1
5, 45, 6, -54, 9, 8, -11, -6, 14
-1, 52, 10, -10, 9, 9, 17, -20, 7
5, 33, 4, -8, 3, 3, -19, -4, -5
19, 42, 12, -16, -9, -11, 4, -1, 1
-16, 21, -7, 35, -10, -8, -8, -18, 15
16, 6, 20, -36, 25, -1, -14, -11, -9
-28, -30, -4, -4, 4, 0, -20, 0, -6
-23, -65, 8, 26, 28, 4, -28, -24, 6
5, -56, 17, -7, 2, 6, -34, -25, -1
-18, -23, 15, -20, -15, 7, -40, -13, 7
6, -17, 8, -6, 0, 2, -25, -16, 4
-17, -34, 11, -20, -6, 1, -78, -29, 15
-7, -59, -8, -39, -5, 7, -9, -10, 8
-22, -9, 6, -26, 20, -7, -7, 1, -3
-16, -23, -1, -9, 7, -4, -32, 8, 6
16, -32, -6, -18, -7, 5, 12, 19, -2
-20, 23, 3, 8, -9, 11, 14, 1, 6
-16, -11, 7, -5, -2, 2, 35, 5, 1
-9, -34, 8, 3, 9, 1, -24, -4, 2
13, -42, 4, -5, -2, -1, 48, -3, -2
-17, -19, 1, 3, 31, -2, 10, 17, 2
0, -3, 12, 24, -5, 2, 16, -4, 13
28, -31, -9, 1, -25, 9, 13, -12, 4
14, 4, 1, 11, 0, 5, -21, -18, 19
6, -8, -7, 38, -4, 12, 32, 15, -1
10, -9, 4, 20, 17, 5, 54, 10, 12
4, -1, 11, 30, -4, 12, -4, 18, 3
-1, -14, 0, 2, 22, 2, 22, 8, 10
-17, -27, 5, 22, 5, -5, 9, -10, -4
-4, -27, 5, 12, -14, 19, 2, -17, 2
11, -23, 6, -20, -5, 12, -3, 14, 6
24, -21, 1, 3, -8, -6, -9, 27, 0
29, 2, 7, 29, -18, -12, -10, 8, 17
13, -10, 15, -1, -8, -12, -7, 6, 7
12, -7, 2, 26, -23, -4, -29, 5, 7
-6, -8, -6, 18, 13, 5, -27, 23, 15
-14, -10, 2, 20, 2, -3, -54, 17, 12
-15, -15, 1, 3, 24, -9, 3, 20, 11
24, -17, -18, 22, 42, -5, 6, 10, 16
-10, -10, -11, -19, 29, 9, -13, -1, 27
-6, -1, -15, 20, 17, -5, -10, 3, 9
-30, -9, -5, -3, 31, 10, 13, 31, 11
2, -14, -4, 34, 23, -15, -43, 4, 19
28, -23, -3, 26, 23, 2, -6, 9, 3
-29, 3, 5, 5, 17, 10, -49, -16, 1
3, -25, 7, 22, -12, -3, -12, -26, -5
9, -17, 4, -73, -4, 3, -60, -13, 10
-5, -10, 4, -27, -14, -2, -7, -15, -4
-33, 7, 8, -38, -11, 15, 1, 7, -1
9, 2, 7, -27, -43, 7, -3, 11, 9
-2, -22, 14, -10, -51, 14, -13, 19, 0
24, -9, 8, -34, 0, 19, -19, -15, -10
0, 4, -13, -15, -19, 2, -47, -9, 10
-33, -16, 11, -20, -7, 0, -7, -15, 2
10, 0, -4, 32, -28, 6, -21, -11, -5
-7, 1, 7, -3, -34, -2, -31, -5, 11
16, -10, 0, -17, -12, 7, 6, -11, -7
0, 4, -5, -36, -34, 5, -20, 4, -2
3, 11, 9, -31, -22, 7, -17, 8, 0
25, 2, 6, 3, -8, 4, 11, 4, -18
10, -8, 16, 20, -4, 11, 1, -6, 18
9, -15, -2, 3, -9, 9, 14, -9, 3
-36, 4, 5, 24, -9, 2, 19, 6, 14
-10, 0, 10, 5, -6, 17, 7, 4, -2
16, 0, 9, -16, 19, 3, 1, 8, 1
-12, -22, 22, 12, -7, 20, -36, 20, -3
21, 1, 2, 3, 0, 24, 7, 0, 6
30, -11, 2, -7, -15, -5, 1, -9, 18
24, 8, -13, -5, 11, -1, 5, -3, 5
5, -24, -2, -2, 4, 6, 17, -11, -6
33, -1, 4, 20, 9, 0, 30, -3, 6
44, -6, -7, 5, -11, -21, 37, 11, 2
6, -11, 8, 33, -10, 5, -8, -4, 17
-17, -6, 1, -9, -4, 4, 19, 15, 10
-40, -37, -4, 13, -20, -1, -3, 21, 6
-22, -14, -10, -14, -1, 9, -42, 6, 11
11, 12, -9, 31, -17, 7, -3, 2, 19
-8, -26, -4, -34, -1, -14, -12, 9, 7
-2, -1, 5, -3, -15, -2, -25, 0, -12
-1, -13, -13, -36, 4, -2, -22, 13, 0
13, -1, -7, -47, 3, 8, 19, 11, -1
6, 14, -16, -19, -6, 3, -43, -7, 6
8, 3, -5, -2, 21, -2, -39, -5, 4
-40, -19, 0, -39, 4, -3, -4, -8, -9
-44, -31, -11, -54, 10, -7, -25, 7, -25
-19, 18, 16, 7, 19, -3, -10, 5, 1
-23, -5, 15, 0, -13, -1, -6, -18, 2
-4, 2, 14, 5, 12, 11, -22, 10, -8
21, -8, 10, -8, -35, 19, -19, -11, -3
-3, -6, 26, 39, -18, 17, -23, 16, 0
-37, 1, 23, -13, -24, -7, 36, 9, -14
-13, -27, -1, -25, -20, -1, 0, 3, -2
11, 2, 16, 7, -1, 1, 17, -4, -25
7, 1, 18, 35, -8, 12, -23, -39, -14
-24, 13, 17, 2, -21, -1, 10, -21, -9
16, 6, 16, -1, -3, 13, -1, 4, -1
-30, 1, 20, 9, 7, 1, -17, -35, -6
4, 4, -4, 23, -1, 4, 17, -12, -15
5, 8, 4, 10, 15, 9, -1, -16, 2
9, 3, 9, 1, 17, 13, -56, 15, -2
-29, 3, 11, -38, 5, 4, -27, 5, -16
-5, -9, 8, -16, 11, -4, -32, -11, 0
-12, 0, 2, -24, -25, -4, -57, -16, 11
-30, -14, -9, -47, -16, -8, -53, 2, -4
4, -25, -1, -8, -10, 3, -31, 13, -8
-9, -6, -3, 9, -5, -17, -27, -6, -6
-24, 3, -10, -58, -40, 8, 2, -8, 3
7, -3, 1, -22, -18, 12, -29, -9, 3
-6, -14, -6, -32, -15, 28, -34, -16, -1
-28, -25, 5, 10, -4, 15, -11, -2, 7
-2, -4, 5, -22, -22, 5, -6, -10, 6
35, -10, 13, -25, -11, 6, -2, -4, -3
6, -13, -8, -27, -38, -7, -31, -10, -10
13, -3, 7, -10, -1, 2, -5, -30, -5
16, 8, -2, -20, -17, -1, -14, 4, -14
-31, 12, 4, 14, -24, 5, -10, 7, 3
7, 1, 0, -11, -7, -6, -10, 27, 1
25, 9, 13, -37, -16, -6, 8, 4, 15
1, -1, 17, -7, -5, -2, 4, -15, 0
12, -10, -1, 12, -21, 6, -4, -4, 2
-3, -10, 0, 22, -11, 5, -10, 13, 5
2, -17, -4, -23, 6, -3, 9, -1, -4
-11, -16, -5, -1, -8, -1, 2, -27, -15
-21, -18, -3, 12, -4, -9, -9, -9, -4
-24, -11, -5, -1, -3, -6, 0, -6, -2
29, -15, -7, 1, -3, -9, 8, -16, -11
3, -29, -5, -10, 11, -9, -13, 7, -2
-20, -18, -10, -34, -31, -4, -19, -4, -8
10, 7, -17, -24, 8, -8, -34, -35, -8
13, -23, 5, -55, 4, 2, -8, -12, -13
4, -6, 13, -6, -10, 1, -13, 2, -5
0, -18, 4, 1, -5, -2, -21, -18, -12
-26, -13, 8, 30, -1, -13, -22, -26, -4
-17, -7, -13, 31, -29, 13, -15, -9, 1
-25, 5, -6, 15, 5, 3, -11, -19, -15
-23, -2, -15, 37, -8, 10, -2, 13, -4
-7, 2, -11, 6, 6, 29, -11, 10, -16
-16, -11, -3, -10, 12, 20, -5, 13, 1
-5, -10, 13, -8, 3, -4, -21, 7, -5
25, 13, 6, -17, -7, 4, -22, -10, 7
-38, -4, -2, -22, 0, -6, -16, -13, 0
-17, -32, -10, -22, -11, 10, -10, 12, 0
-5, -19, -4, -3, -1, 6, 8, 21, 9
13, -6, 1, -29, -20, 0, 32, 15, -6
13, 6, -5, 6, -19, -4, 36, 10, 6
26, -5, -10, -5, -25, -4, -2, -24, -5
30, -22, 0, -12, -3, 8, 12, -4, 3
2, -2, -1, -10, -23, 2, 29, -1, -5
-26, -17, 3, -40, -12, 3, -17, -4, -4
19, 5, 5, -26, -13, 12, 10, -43, 13
3, -1, -30, -29, -23, 6, -12, -54, 5
-51, -37, -12, -29, -12, 3, 25, -16, -5
14, -17, 7, -18, -7, 2, 7, -16, -1
24, -11, 15, -13, 12, 15, 27, -27, 3
3, 13, -2, -11, -8, 1, 5, -31, -5
24, -16, -9, 12, 9, 18, -11, -19, -17
5, 22, 19, -11, -19, -8, -33, -11, -1
4, -4, -19, 40, -17, -1, -14, -24, 9
-16, 6, -4, -9, -7, 2, -12, -23, 3
-20, -2, -5, -22, -2, 1, -17, -12, -1
19, 5, -16, 8, -11, -5, 8, -14, -13
-3, -11, 7, -33, -7, -7, -23, -9, 4
-15, 2, 6, 0, -4, -16, -18, -17, 12
-27, 0, 13, -19, -5, -4, 1, -20, 7
2, -21, 17, 3, -16, 1, -2, -18, 18
19, 9, 14, 15, 16, -1, -6, -21, 18
-15, 2, 8, 29, 13, 5, 7, -27, 2
-8, -18, 19, 23, 7, -5, 19, -38, 2
-10, -11, 28, 29, -6, 18, 22, -15, 9
-3, -5, 1, 18, 5, -5, 1, -29, 4
-32, -28, -4, 6, -3, 8, -13, -19, 0
8, -17, 8, 18, 16, -3, 8, -41, -14
-9, -7, 8, -8, -12, -15, -43, -41, 7
-2, -5, 2, -17, -2, 2, -26, -8, 22
10, -17, -3, -6, -7, 2, -10, -10, 10
11, -6, 8, 18, -14, -3, 10, -6, -17
16, 10, 8, -20, -6, 9, -16, -25, 0
13, -10, -4, -9, -15, -1, -24, -8, 0
18, -16, 8, -23, 24, -21, -27, -2, -3
-9, -7, 7, -38, 20, -1, -52, -23, 9
-26, -15, 3, -22, 2, -1, -22, -15, -1
-27, -5, 5, -44, 1, -3, 4, -3, 1
-23, 1, -9, -15, 16, -10, 8, -20, 9
-18, -3, -5, 29, 8, -3, -20, -1, 12
-31, -15, 0, -7, -13, -22, -14, -16, 22
-22, -7, -4, -19, 1, -33, -30, -17, 5
-26, -5, -11, -4, -8, -8, -27, -9, 8
-13, -24, 15, 7, -9, 1, -9, -11, 6
-5, -10, 5, -11, -11, -6, 3, 10, 10
2, 19, -7, 20, -34, -9, -11, -14, 0
12, 0, 15, 8, -5, -2, 7, -16, 23
28, 17, -1, 14, -5, 11, -4, -8, 1
-19, 28, -9, 22, -22, 8, 5, 2, 10
38, 32, 0, 36, -24, -8, 25, -5, -1
-11, 62, -5, -13, -8, 9, 10, -13, 7
-10, 72, 7, 0, 3, 2, 24, -5, 9
7, 89, 4, -3, 6, 0, 26, 0, 1
30, 108, -5, 9, 6, 3, -22, -25, 13
11, 75, 13, 15, -2, 2, 13, -21, 12
14, 27, -4, 1, 7, 9, -3, 1, -5
30, 0, -5, -1, 11, -11, 29, 21, 15
-4, 21, 0, -7, -18, -8, -12, 21, 15
23, 36, 2, -7, 11, 1, -15, 7, -4
-38, 13, -6, -14, -4, 7, -20, 9, -14
-54, -43, 14, 23, -6, -18, 6, 24, 8
5, -32, 2, 12, 5, -9, 0, 13, 0
-12, -67, 7, 30, 4, 2, -8, 21, 2
-9, -62, 8, 17, 0, 4, -6, 10, 1
-1, -86, -12, 2, 7, -12, 1, 6, 1
-36, -83, 0, 16, 11, 1, 13, 4, 4
-9, -45, -1, 44, 8, -2, -13, -1, 14
12, -56, 22, 16, 4, -2, -26, 6, 12
-15, -47, -2, 14, 12, 12, -16, -13, -9
-40, -37, 2, 38, -24, 1, 9, -26, -5
-20, -37, -13, 11, -5, -11, -1, -24, 12
-5, -48, 7, 4, 2, -7, 5, -27, -8
8, -12, 5, 37, -1, 1, 4, -23, 0
-28, -23, -15, 8, -2, 6, -6, -14, 14
-14, -14, 0, 21, -7, -8, -1, -23, -12
-19, 2, -1, 16, 11, -10, -16, -45, -8
-11, -13, -7, 33, -22, -20, 5, -8, 3
-8, -15, -5, 28, -6, 3, 9, -8, 8
-1, -19, 5, 1, -3, 2, -21, -17, -10
-25, -19, -3, -19, 11, 4, -2, -1, 12
-35, 8, -7, -4, 19, -1, -15, -7, -5
-20, -10, 3, -41, -1, -4, 13, -7, 9
3, -15, 17, -13, 12, -5, -13, -26, 6
-25, 6, 4, -21, -5, -2, 5, 11, 1
-3, -7, 1, -39, -5, 12, 7, -11, 11
-3, -13, 6, -12, -3, 2, -1, 9, -2
21, -1, 5, -23, -11, 0, -21, 17, -13
8, -9, -5, 5, -6, -12, 2, 18, -3
5, -2, 8, -30, 12, -4, 19, -10, 2
0, -7, 4, -29, -15, 0, -13, 13, -3
6, 5, 16, 2, 2, 0, -1, 18, 0
-13, 10, 15, -38, -16, -7, -25, -10, 10
-11, 1, 4, -47, -8, -13, -6, 4, 4
-13, 1, 1, -12, -8, 1, 2, -5, -10
20, 1, 5, -34, -16, 4, -21, 3, 2
8, -1, 0, -19, -15, -4, 33, -2, 3
-14, -1, 4, -8, -17, -3, 15, 24, -6
6, 1, -2, -4, -13, -3, -7, 10, -1
-5, -9, -6, 23, -9, -3, 4, 26, -12
-5, -10, 12, 31, -12, 7, -6, 25, 2
-32, -5, 12, 13, -5, -9, 7, 24, -14
-9, -4, 12, 1, -18, -19, 9, 34, 2
-17, -19, 30, -25, -6, -18, 2, 33, -14
-21, 0, 0, 7, -7, -11, 14, 43, -5
8, -18, 12, 12, -7, -9, -20, 67, 3
5, -8, 16, 1, -11, -10, 9, 104, -7
-20, -10, 24, 7, 9, 1, -19, 166, -5
-7, -7, 41, 21, -5, 11, 31, 233, -2
15, -7, 65, -12, 11, 6, 3, 333, -4
20, -20, 71, 11, 6, 3, 7, 430, 4
46, -3, 100, -10, 6, -7, 2, 553, -1
10, 2, 106, 11, -2, -5, 28, 716, -15
-8, -10, 136, -29, -24, -15, 32, 789, 5
-7, -10, 150, 10, -5, -8, 12, 864, 1
-29, -1, 130, -23, 2, -12, 42, 912, -8
10, -3, 87, -14, -15, -13, 46, 1148, 12
8, -6, 93, 11, -25, -8, 28, 1354, 12
8, -14, 31, -20, -14, -12, 39, 1581, -7
-19, -5, -2, -13, 3, 9, 45, 1291, -17
-16, -8, 20, -38, -16, 11, 10, 410, 6
-4, -3, 9, -35, 0, -16, 46, -784, -14
42, -12, -59, -9, -19, -14, 49, -1571, 3
8, 4, -60, 10, -20, 3, 29, -1725, 5
9, -2, -26, -1, -9, -6, 59, -1683, 11
44, -3, 4, -9, -9, -14, 104, -1287, -2
-4, -17, 42, -8, 10, -5, 109, -801, -4
-14, -16, 126, 11, 7, -6, 151, -378, 11
47, -19, 120, -4, -11, -8, 143, -171, 12
-4, -6, 114, -7, 9, -3, 177, 103, -8
11, -5, 173, -27, -12, -11, 93, 380, 1
19, -4, 179, -34, 5, -11, -34, 692, -3
17, -9, 139, -33, -9, 4, -102, 910, -6
-11, -6, 34, -7, -24, -15, -164, 852, -13
-11, -15, -74, -5, -22, -12, -179, 726, -8
-15, -9, -96, -7, -13, -5, -157, 164, -8
-10, -17, -146, -5, -4, -10, -94, -560, -11
-3, -12, -168, 4, -11, -7, -98, -865, -18
7, -8, -149, -13, 0, 0, -5, -1083, -4
16, -14, -91, 21, -1, 3, -38, -976, -20
-6, -13, -67, 11, 5, 1, -15, -593, 1
6, -11, -70, 34, -16, 9, -29, -509, -6
10, -9, -82, -22, -4, 2, -2, -438, -15
26, -11, -46, 0, -13, -2, 1, -367, -5
20, -6, -56, -7, -20, -9, -33, -299, -14
-14, -13, -69, 28, -11, 14, -32, -202, -23
-20, -4, -87, -22, -2, 34, -52, -136, 9
-1, 2, -33, 7, -9, 8, -34, -103, -9
1, -9, -61, -4, 2, 6, -22, -68, -20
-5, 8, -37, 1, 1, 13, -3, -54, -6
-4, 0, -50, 9, 1, 8, -22, -72, 0
32, -3, -27, -13, 3, 19, -28, -60, 9
41, -5, -20, -10, -11, 26, -35, -36, -3
25, -6, -15, -1, -1, 6, -6, -52, 2
11, -1, -29, -3, 0, 1, -20, -44, -21
7, 1, -8, 2, 3, 5, -20, -56, -13
-23, -12, 8, 16, 3, 16, -18, -34, -7
-28, -11, 7, -10, 5, 30, -37, -5, 3
-23, 1, 13, 5, -1, 13, 5, -18, 1
-57, 7, -15, 19, 8, 15, -5, -18, 16
-24, -1, 2, -22, 0, 19, 18, -6, 5
-30, 12, -4, 3, -18, -1, 3, -17, -1
-25, 4, -21, 2, -6, -28, -9, -15, 5
-5, -4, -26, 18, -1, -21, 4, 0, 26
-13, -3, -34, -7, -5, -8, 1, -21, -1
-12, 12, -15, -1, 1, -22, 28, -10, 1
9, -10, -18, 8, -9, -25, 11, -24, 12
-11, -2, -40, 4, -5, -18, 12, -22, 0
-12, -12, -5, -12, -5, -35, 22, -14, 16
-12, -6, -9, 16, 13, -16, -2, -22, -2
-27, -7, -20, 18, -1, -16, -4, 3, -1
6, 2, -3, 61, 18, -5, -18, -3, 13
13, 11, -11, -2, -3, -3, -29, 4, 15
2, 3, -21, 20, 5, -8, -17, -2, -4
-13, -12, -2, 27, -7, -8, 3, 2, 5
-11, 0, -23, 17, 13, -26, -4, 5, 8
6, -8, -39, 25, 0, -17, 2, -3, -1
11, -6, -45, 24, -5, -19, 17, 2, -1
20, 12, -23, 42, 8, -4, 24, 0, -12
21, 3, -21, 39, 13, -25, 6, 7, 8
-10, -7, -12, 3, 0, -17, 28, -1, -5
9, 3, -15, -3, 2, -11, 33, -10, 7
-21, 0, -17, 10, -18, -10, 13, -16, 13
-14, 3, -15, -9, -7, -23, 23, -20, 2
23, -7, 6, -37, 9, -15, 60, -27, 5
-6, -4, -22, -34, 7, -15, 39, -21, 3
6, 7, 8, 0, -9, -10, 32, -5, 1
4, -10, -10, -15, -4, 6, 53, -23, 7
25, 1, 9, -15, -1, -14, 48, -9, -8
3, 2, -2, -27, 0, -13, 50, -16, 19
7, -1, -4, -42, 2, -14, 59, -13, -9
6, -3, -8, -18, -5, 2, 45, -17, 20
-18, 8, -11, -11, -15, -4, 53, -25, 10
-3, -11, -6, -6, -4, -1, 48, -7, 21
-2, 5, -4, -13, -9, -2, 62, -6, 3
-26, 1, -19, -29, -3, -14, 27, -13, 19
-8, 5, 5, -3, 5, 1, 63, 2, 20
-14, -11, 2, 7, -15, -4, 96, -12, -18
-5, -7, -5, -36, 1, -13, 75, -5, -8
-12, -8, 9, -33, 0, -6, 3, -10, -8
-4, 3, 1, -11, 5, -4, -16, -9, -6
9, -5, -18, -22, 20, -4, -4, -5, 1
-14, 9, 0, 10, 9, -10, -116, -11, 2
-7, -4, -14, -22, 11, 1, -27, -4, -3
5, 11, -15, -32, 26, 1, -36, -13, -13
2, 0, -9, -37, 42, -7, -29, -16, -1
0, -11, -18, -5, 59, -27, 21, 261, -5
-7, -16, -7, 10, 83, -11, 5, 43, 6
13, -3, -26, -14, 124, -7, 33, 36, -3
1, -4, 1, -7, 163, -4, -49, 42, -7
25, -8, 2, -23, 242, 10, -66, 24, -5
-23, -4, -3, -13, 303, -11, -59, 3, 13
7, 1, -13, -4, 395, -8, -15, -9, 6
-7, 6, -20, -9, 424, -1, -1, 11, 0
5, 13, -4, 16, 369, -5, -5, 14, 3
-5, 4, -13, -1, 191, -4, 16, -7, -11
-1, 4, -8, 18, -26, -5, -12, 6, 2
-5, -4, -7, 7, -154, 4, -21, -12, 9
-11, 0, -5, -32, -282, -20, -22, -6, 15
-14, 4, -12, 1, -289, -14, -22, -19, -15
10, 12, -13, 2, -270, -14, 1, -10, 7
27, 7, 1, -15, -197, -4, -5, -17, -11
6, 4, -11, -3, -201, -5, -27, -13, -19
-11, 0, -15, 8, -209, -1, -23, -3, 18
-14, 6, -16, -14, -188, 0, -10, 5, -5
-3, 2, -15, -19, -139, 15, 10, -22, -1
-9, 2, 2, 19, -96, -2, 13, -21, -6
-24, 7, -11, -1, -79, 6, -9, -6, -14
-6, -7, -11, 0, -65, -19, -51, -3, -2
-1, -11, -3, -6, -40, 5, -39, -13, 7
17, 2, -21, 9, -7, 2, -9, -5, -1
9, -10, -6, 3, 6, 11, -15, -11, 4
3, 1, 5, -1, 28, -4, -19, -10, 3
5, -4, -1, 8, 36, 4, -42, -18, -6
7, 18, -5, 25, 23, -3, -16, -9, 2
7, 7, -6, 7, -9, 1, -3, -14, 2
9, 8, 0, 29, -20, -13, 18, -16, -3
16, 0, 13, -9, -38, -1, -7, -11, 5
21, 21, -11, 2, -65, 5, -23, -4, -13
32, 2, -5, 2, -58, 6, 39, 5, 1
10, 10, 5, 27, -22, 15, 25, -12, 4
3, 12, -5, 17, -27, 3, 26, -4, 7
-5, 9, -8, 11, -24, 9, 0, -4, 7
-1, 4, 6, -9, -14, -4, -19, -19, -18
-21, 14, -14, 13, -11, 2, -17, -2, -16
-19, 3, 0, -24, -16, 4, 4, -2, 2
-5, 2, -2, 9, -22, 7, 7, -5, -3
-4, 1, 6, -1, 2, 17, 8, -1, 8
-20, 7, -6, 6, -16, 22, 40, -8, -13
3, 0, 5, 9, -15, 9, 24, -14, -3
-3, 0, -9, -1, -12, 6, 51, -6, 2
3, 16, 5, -1, 0, 13, 39, -4, 1
13, 10, -10, 3, -7, 21, 32, -12, -9
0, 18, 6, -9, 2, 32, 38, -3, -8
-24, 8, -8, 13, -4, 36, 37, -16, 22
21, -4, 4, -15, -9, 42, 14, 5, 19
12, 4, -2, -7, -6, 62, 20, -12, 19
33, -11, 6, -8, -4, 58, 34, -7, 4
34, 14, -8, -26, -15, 57, 16, 0, 7
19, -9, -13, 39, -3, 31, 35, 0, -1
15, -25, -6, 7, -7, 25, -50, -2, -4
18, -16, -6, 18, -3, -8, -39, 3, 0
22, -23, -15, 26, 315, -23, -11, 0, 12
21, -10, -4, 18, 67, -23, 11, -12, -7
3, -3, -6, 20, 36, -19, 3, 1, -1
11, 7, 6, 22, 43, -39, -24, 5, -3
21, -2, -6, 39, 28, -42, 9, 5, 0
60, 11, -7, 48, 11, -42, 4, -6, -13
43, 1, -12, 31, 5, -18, -4, 11, 5
2, -7, -2, 24, 2, -29, -35, -1, -12
1, -3, 4, 10, 10, -16, -15, 2, 22
14, 0, 3, 33, 0, -32, 14, 1, 2
-21, 3, 6, 9, -5, -33, 18, 8, 0
-27, -2, -3, 40, -14, -9, 7, 5, -10
1, -6, 12, 21, 14, -25, 10, -5, -4
2, -5, 4, 22, 3, -25, 18, -2, -16
36, 2, -13, 36, -11, -19, -23, -3, 6
47, 6, -7, -31, -13, -17, -75, 5, -20
-17, 5, -3, 9, -1, -11, -24, 5, 11
-12, 13, 2, -22, -15, -11, -17, -4, -9
8, -7, 8, -14, -14, -6, 45, 6, 19
-14, 1, -9, -43, -3, -8, 27, -2, 4
-21, 5, -13, -50, -14, -15, 5, 0, -6
13, 20, 3, -13, -6, -2, -5, -17, 12
-7, 7, -11, -30, -2, -2, 15, 3, 9
6, 8, -7, -24, 7, 1, 13, 7, 0
5, 8, 2, -1, 7, -16, 17, -11, 6
-8, 4, -13, -48, -3, -2, 1, -5, 12
4, -6, 2, -26, 6, -4, -18, 14, 36
-33, -11, -3, -5, 7, -5, 4, 11, 35
-24, 1, -2, -7, 2, -7, 20, 4, 66
6, 3, 9, -18, -6, -5, 14, -3, 61
-34, 12, -4, 22, 17, -1, 32, 1, 83
4, -14, 0, 2, -11, 2, 32, -1, 50
1, -3, 1, -8, 33, -6, 10, 13, 83
-44, -12, -4, -4, 27, 6, 15, 2, 66
-23, 4, -6, 20, 7, 5, 11, 0, 71
-46, -2, -8, -19, 19, 3, -9, -1, 4
-38, -7, 1, -4, 6, -5, -44, 2, -15
-35, 12, 12, -5, -8, -4, -41, -7, -45
-27, -11, 2, -10, -26, -2, -37, -9, -32
-10, -6, 0, 29, -3, 3, -70, 7, -52
-47, 16, -17, 44, -7, -1, -53, 10, -37
-7, -7, 6, 12, -12, 0, -20, 7, -7
2, 8, -15, 3, -15, -2, -38, 2, -47
-11, 12, -4, 3, -2, -12, -9, 11, -38
-8, -1, -2, 43, 0, 5, -25, 2, -6
-12, 12, -13, 24, 1, 0, 6, 0, -32
-12, 9, -18, 3, 18, -15, 8, 4, 3
-28, 1, 0, -8, 8, -8, -5, -22, 33
-32, 6, -8, -20, 11, -10, 27, -15, 48
-20, -9, -19, 1, 33, 6, -2, 6, 62
-19, -2, -14, -2, 16, -8, -3, 4, 56
-10, 4, -13, 17, 23, -3, 9, 5, 103
-23, 23, -11, 23, 33, -1, 6, -1, 85
1, 3, 0, 0, 38, -9, -11, -8, 76
22, -3, 3, -2, 33, 4, -1, -16, 32
-18, 2, 1, -14, 77, 0, 2, 0, 34
4, 2, -8, -21, 95, -6, 12, -7, -5
-2, -7, -2, 20, 93, -3, 31, 3, -23
11, -16, 10, 2, 128, 6, 13, 2, -57
-14, -13, -5, -8, 108, -8, 46, 6, -61
-12, -1, 12, 8, 65, 7, 20, -13, -65
13, -4, -15, 22, 20, -1, -1, -8, -51
6, 4, 2, 41, 12, -12, -1, 15, -31
6, 11, -9, 4, 6, -15, -5, -13, -15
-1, 15, -1, 5, 6, 3, 14, -14, -23
0, 7, 6, 19, -5, -3, 26, 7, -10
18, -2, -1, -6, 25, 5, 38, -3, -10
23, 9, 8, -49, 24, -5, 30, 2, -16
11, 15, 17, -20, -44, 5, 33, -4, -19
-27, 7, 25, 15, -27, 0, 36, -1, -22
8, 4, 22, 0, -71, 3, 16, -11, -24
-6, -3, 34, 16, -68, -2, -43, 6, -12
8, 8, 28, 4, -84, -2, -48, 6, -25
10, -8, 27, -6, -65, 1, -53, 3, 0
41, 15, 26, 13, -50, -4, 5, 3, 1
20, 4, 33, -7, -33, -4, 46, 1, -2
2, -5, 36, 1, -8, -4, -17, 5, 5
-2, -10, 11, 38, -29, 5, -35, 7, -10
-27, -16, 2, -30, -31, 1, -18, 6, -2
5, -9, -5, -9, -5, -2, -29, 3, -2
16, -5, -8, 5, 6, -2, -41, 11, 2
10, -6, -32, -42, -10, 2, -70, -7, -31
-5, -9, -33, -35, 34, -4, -15, -14, -9
21, -24, -19, 1, 58, -4, -8, 3, 2
-7, -13, -26, 0, 107, 3, -2, -4, -6
-2, -6, -32, 24, 135, -3, -9, -9, -17
-9, -3, -24, 49, 142, 3, 33, 1, -26
-10, 3, -12, 46, 177, -3, -13, -8, -20
18, -3, 2, 42, 100, 1, 18, 0, -19
-17, -16, -6, -10, 81, -3, -12, 2, -40
-11, 4, -22, 18, 55, -7, -13, 6, -7
-17, -1, -7, 15, 4, -1, -58, 10, -28
12, -1, -18, 36, -28, -6, -9, 2, -15
-19, -21, -4, 23, -25, 4, -37, 4, -9
-18, 3, -2, 5, -18, 4, -28, -11, -17
-15, 1, -1, -6, -24, -7, -47, 3, -8
-18, -10, -12, -14, -105, 1, -35, -8, -5
-13, -8, -20, -20, -104, 5, -20, -9, -12
1, 5, -6, 12, -112, 4, 3, 0, 4
-27, -9, -4, 5, -105, -7, 14, 13, -3
-4, 9, -4, 28, -86, -12, 26, 14, -1
5, 0, -14, 26, -86, 4, 39, 0, -2
-3, 4, -11, 26, -97, -3, 24, 6, -7
25, -4, -9, 54, -66, -2, -10, -15, 2
6, -7, -2, 19, -52, 6, -9, 15, -15
29, -5, -8, -1, -36, -15, -4, -10, 2
-6, -2, -3, -1, -47, -2, -25, 2, -5
21, 9, -9, -18, -13, 5, 3, -3, 0
32, 17, -8, -7, -39, 2, 17, -4, -3
40, 21, -1, 31, -29, -8, -7, 20, -1
31, -2, 1, 36, -28, 2, 29, 10, -1
6, 12, 16, 25, -28, 6, 8, -1, 12
-17, 16, 5, -9, 5, 1, 22, -1, -7
-6, 12, 0, 45, -18, 6, 20, 16, -23
-7, 23, 5, 47, -3, -2, 8, 23, -9
-31, 12, 5, 9, -12, -13, 15, 18, -5
-3, 21, 2, -1, -9, 7, -4, 20, -10
5, 23, -9, -3, 2, -2, 23, 18, -5
-5, 50, 2, -11, -24, -7, 13, 23, 11
3, 62, 2, 17, 5, -2, -33, 19, 2
16, 88, 7, -36, -8, -1, 3, 13, 5
2, 122, 4, -37, -3, 0, 15, 15, 7
-26, 194, 9, -12, 9, -11, 8, 9, -7
0, 285, -9, -21, -15, 2, -16, 20, 8
15, 389, 10, 38, -18, 1, -42, 11, 17
16, 537, 6, 39, 3, -12, 11, -4, 4
1, 696, 7, 31, -7, 3, -12, -10, 19
11, 845, 2, 47, -2, 11, -23, 26, 16
-11, 834, 6, 16, -8, 7, 3, 4, -5
-9, 708, -6, 3, -5, 2, 9, 0, -17
-42, 415, 14, 4, -16, -9, 11, -2, -2
-20, -164, 5, -7, -4, 0, -16, 18, -11
-24, -488, 6, -51, 8, -2, -60, 22, -17
-6, -660, 12, -26, 1, 3, -17, 9, -14
-17, -572, -8, -43, -13, 2, 8, 10, -11
-15, -482, 4, -14, -5, -1, -8, -8, -4
-15, -449, 3, 13, -1, -5, -10, -14, -16
-27, -414, 8, 34, -16, -17, 14, -7, -4
3, -301, 12, 30, 10, -7, 5, 12, -8
-13, -240, 1, -30, -13, -4, 37, 8, -8
-23, -213, 11, -12, 4, 9, 42, -8, -3
-10, -161, 6, 22, -6, 7, 30, -6, 1
-1, -121, 9, 0, -14, -6, 28, -6, -7
-5, -123, 8, -15, -16, 5, 24, 5, -5
-13, -104, 12, 7, -4, 0, -3, 28, -8
-6, -80, 1, 10, -11, -4, -19, 4, 5
13, -68, 16, 2, 2, 2, -10, 16, 1
7, -26, -4, 32, -7, -5, -6, 17, -7
13, 36, -8, 4, -11, -16, -10, 9, 4
24, 32, -5, -2, 2, 7, 16, 26, 10
18, 67, 6, -7, -6, -5, 3, 9, 2
17, 74, 6, 12, 9, -4, -29, 19, -11
8, 33, -11, 7, 9, -1, 1, 17, -1
7, 23, -1, 50, 9, 7, -3, 13, -13
22, -2, -13, 24, -1, 1, -16, 25, -13
-13, -74, -1, 31, -3, 4, -8, 14, -11
1, -12, -10, 44, -6, 0, 15, 17, -16
9, -14, -1, 71, -12, 2, 19, 9, 11
1, 14, 4, 67, -12, 7, 6, 30, -13
7, 57, -9, 98, -1, 11, -17, 16, -5
-3, 66, -7, 56, 5, 8, 18, 19, 5
-5, 147, -1, 59, 0, 2, 2, -2, -2
4, 113, 0, 20, -1, -1, -3, 19, -8
-15, 32, -5, 18, 0, 1, 2, 10, -8
-6, -110, 2, -53, -3, -8, 8, 21, 12
1, -191, -5, -74, -13, -9, 47, 6, 9
21, -126, -6, -111, -5, 2, 10, 25, 3
-28, -98, -10, -50, -9, -6, 7, 13, -5
12, -83, 1, -28, -14, -4, 5, 11, -6
13, -28, -5, 35, -1, 5, 35, -9, 0
-5, -42, -8, -6, 5, -11, 47, 19, -14
-6, -35, -11, -1, 12, 0, -8, 11, -12
15, -48, -2, -19, 1, 4, 26, 27, -5
19, -35, -15, -28, -22, -7, 1, 2, -15
42, -32, 9, -31, 1, -8, 24, -14, -13
2, -24, 0, -14, -8, -7, 18, 7, -2
-12, -12, 10, -34, -5, 9, 12, -18, -9
15, -26, 5, -41, 18, -4, -15, -23, -12
-3, -6, -1, -27, 4, 2, 17, 5, -11
33, 16, 0, -33, 5, 7, -14, 13, -19
39, 31, -7, -20, -7, 3, 7, -5, -6
10, 8, 1, -18, 13, 1, -7, 7, 3
25, 13, 8, 1, 7, -9, 31, -5, -23
32, 38, 3, 2, 13, 3, 16, -24, 3
50, 4, -1, 10, 7, 8, 16, -13, -3
61, 22, 1, 12, 10, 11, 40, 20, 1
61, 15, 12, -6, 17, 8, 21, 28, -6
112, -4, -10, 12, 11, 2, 19, 20, -7
123, 0, -5, 9, 0, -4, 21, 18, 14
172, 8, 1, -17, 20, 1, 30, -19, -1
263, -1, 2, 24, -2, 4, -13, 0, 6
350, 34, 6, 43, -10, 20, -22, 22, -1
466, 32, -13, 68, 0, 17, 33, 10, -4
512, 50, -4, 46, 15, 41, 11, 3, -4
438, 40, -4, 75, -8, 22, -31, 2, -5
184, 73, -3, 111, 1, 50, -3, 11, 5
-17, 86, -5, 53, 10, 63, -18, 7, 3
-189, 67, -2, -15, 11, 67, -12, -6, 19
-235, 23, -2, -14, -6, 87, -17, -9, 4
-168, 8, -1, -37, -11, 53, 38, 5, -1
-121, -6, -5, -6, -20, 53, 17, 6, 6
-51, -42, -5, 8, -1, 30, 20, 6, -2
-4, -66, -2, -12, -3, 31, 13, 13, -12
143, -62, -6, -34, -7, 2, 9, -12, -16
143, -37, -4, -25, -16, -17, -3, 21, -5
217, -40, 11, -19, 2, -14, -32, -5, -8
156, -50, -2, 17, -6, -3, -18, 5, -24
115, -36, -8, 13, 0, -27, 30, 8, -12
189, -14, -9, -38, -18, -22, 4, 4, 3
128, -2, 1, -35, -12, -39, 26, -7, -23
-209, -16, 6, -24, -9, -43, 22, 9, -17
-324, -26, 6, -32, -10, -52, 27, 12, 4
-299, 6, 0, -23, -2, -33, 12, -5, -12
-253, -8, -3, 1, -5, -27, 19, 17, -21
-307, -26, -13, -16, 1, -15, 7, 1, -18
-309, 8, 1, -48, 14, -10, 3, 9, -11
-231, 17, 1, 2, -5, -30, 7, 20, -3
-266, 20, -9, 0, -2, -23, 7, 10, -8
-229, 0, -6, -43, 4, -8, -6, 27, -8
-103, 12, 11, -12, -6, -5, -6, 20, 2
-36, 32, -6, -4, 13, -4, -9, 18, -20
-114, 8, -3, -15, 13, 0, -3, -9, -13
-68, 4, -15, -26, 23, -3, -36, 19, 0
-25, -10, 6, -13, 14, -12, 16, 1, -16
-20, 5, -4, 24, -1, 4, 34, 19, -3
-16, 13, 3, 10, -1, -10, 21, 2, 12
16, 9, 11, 38, 12, 0, 0, 14, -6
4, 24, 4, 21, -26, 9, -9, 24, -13
14, -18, 3, 14, 8, -6, 2, 20, -16
-7, -14, 2, 9, 7, 6, -17, -3, -9
1, -6, 6, -4, -1, 2, -44, -7, -9
-8, -22, 8, 48, -4, -7, -9, -13, -12
-11, 0, -4, 66, 13, -10, -3, -10, 3
-23, -4, -5, 11, 5, -6, 9, -8, -9
-41, -22, -12, -8, 7, -5, -22, -11, 8
-39, -7, -1, 39, 11, -1, 18, 0, -3
-21, -6, 2, -3, 6, 6, -4, -6, 23
-15, -3, 6, 29, 2, 9, -24, 13, 6
-14, 9, -5, -42, -5, 8, -4, 11, 5
-6, 2, 0, -3, 5, -1, -14, -4, 2
0, -18, -9, 1, 4, -3, -51, -19, 13
-18, -11, -8, 16, 0, 6, -12, 7, 3
-11, -22, -7, 33, -12, -7, 10, 7, 3
-30, -11, 1, 10, -1, -2, -21, -13, 6
12, -4, -10, 0, 17, -9, 4, -3, -2
-9, -2, -10, -38, -21, 9, 29, -2, -15
-41, 15, -11, 0, 3, 4, 21, 10, -16
13, -4, -14, -43, 3, -7, -11, 25, -14
14, 4, -5, -29, 10, -2, -19, 19, -10
-10, 0, -4, -18, 6, -12, -13, -23, -9
-15, 31, 16, -3, -2, -5, -36, 21, -3
9, 37, 14, -6, -14, -4, -14, 28, -18
15, 58, -1, -9, 16, 0, -21, 11, -3
-15, 48, 4, -21, 9, 0, 9, 1, -10
18, 45, 5, -22, -6, 2, -24, 10, -2
1, 38, 6, 9, -3, 7, 24, 24, 5
7, 63, 1, -5, -6, 6, 27, -10, -1
4, 36, 2, -19, -10, 11, -11, -3, 0
5, 17, 10, 6, 7, 10, 23, 4, 5
12, 4, 11, -32, 0, 17, -17, -2, -4
-31, -63, 3, -6, 0, 14, -5, 3, -8
-22, -45, 1, -16, -3, 4, 8, 16, -13
25, -47, 5, -3, -3, 0, -1, 11, 6
13, -42, 5, -24, 7, -4, 10, 6, 6
-1, -26, 6, 24, 10, -5, -38, 1, -3
4, -12, -6, -22, 11, 7, 15, -2, 14
27, 20, -1, -29, 24, 0, -44, 4, 7
-14, -24, -4, -42, 16, 3, -1, -11, 4
-3, -3, 2, -2, 21, -8, -8, 8, -4
19, -30, -3, -9, 21, 7, -27, 5, 6
10, -21, 2, -16, 2, -5, -19, 2, 7
-1, 11, -12, -28, 20, 0, -13, -20, -18
18, 1, -2, -12, -13, 10, -44, -31, -12
-3, -12, -6, 13, -2, -9, 1, -9, -6
16, -5, 1, -13, 18, -8, -12, 8, 0
16, -9, -1, 43, 0, 5, 2, 2, -21
19, -16, -2, -2, 12, 0, 19, -4, -4
9, -19, 8, -17, 24, -1, -18, 10, -8
13, -21, 1, -29, 3, -3, 8, -16, -2
19, -9, -2, -28, 42, 2, 18, -7, -18
-6, -14, 2, -37, 18, 4, 12, -26, -9
-14, -11, 5, -19, 32, -4, 8, -19, -7
25, -6, -1, -39, 16, 3, 9, -5, -15
10, -7, 0, -14, 48, 0, -5, 22, -6
9, -12, -2, -7, 64, -1, 40, -8, -5
20, -18, -7, -18, 131, -8, -30, 5, 2
28, -1, -3, -9, 203, -2, 1, -2, -10
-6, 3, -19, 14, 311, -2, 33, 6, -16
24, 17, -20, 15, 486, 12, 31, -22, -19
36, 8, -9, -9, 695, 3, -17, 5, -2
41, 1, -8, -31, 1047, 9, -25, -10, -2
71, -4, 6, 19, 1527, 7, -14, -6, -4
40, -4, 13, 28, 2205, 5, -19, 0, -8
46, 0, -4, 62, 3048, 9, -10, 14, -9
3, 9, -5, 32, 3963, 2, 19, 2, -3
17, 9, -1, 32, 4725, 6, 28, 5, 1
-2, 2, 2, 49, 4551, 8, 28, 6, -14
-12, 14, -9, 67, 2862, 17, 33, -12, -8
7, 7, 1, 43, 164, 13, -10, 5, -6
-8, 23, 3, 47, -2357, 15, 13, 11, -7
-8, 23, 0, 11, -3725, 1, 19, 8, -14
-2, 4, 2, 14, -4436, 5, 2, 1, 133
3, 16, 5, -3, -3634, 9, 25, 17, 27
2, 20, 6, -10, -2944, -9, -22, 19, 21
-29, -13, 5, -20, -2100, -2, 14, 17, 3
-18, -4, 9, 7, -1780, 11, -2, 16, -2
19, -5, 6, 29, -1379, -5, 20, 12, 3
6, 10, 10, 1, -905, -19, -22, 31, 16
-33, -5, 10, 24, -709, 4, 3, 27, 8
14, 16, 2, -28, -574, -11, 7, 10, 11
-26, -3, 10, -48, -381, 13, -12, 20, 15
1, 5, 11, -18, -241, 3, 17, 16, 12
15, 0, 8, -65, -194, 8, -5, 1, -2
23, -14, 23, -47, -150, -3, -19, -6, 18
7, -7, 33, -26, -88, 19, -27, 2, 5
13, 6, 28, -20, -85, -1, 3, -17, 11
-4, 5, 41, 8, -58, -1, 24, -4, 4
18, 14, 67, -21, -74, -1, 18, -27, 10
11, -4, 64, -33, -33, -10, 38, -3, 15
29, -4, 63, -1, -39, 14, 4, 1, 19
22, -4, 64, -1, -19, 2, 37, -9, 19
27, -3, 47, 3, -17, 7, 59, 1, 17
28, 25, 21, -6, -28, 3, 46, -10, 5
-37, -5, 18, -65, -18, 3, 51, 3, 2
17, 14, -4, -39, -23, 11, -9, -4, -3
24, 26, -13, -37, -17, 7, -40, 19, -7
-9, -7, -15, -3, -12, -5, -109, 5, 4
-30, 17, -15, -8, -23, 7, -89, 13, 7
-36, 26, -18, -18, -24, 2, -92, 40, 6
8, 54, -16, -9, -13, -9, -40, 13, -14
-1, 32, -17, -24, 3, -7, -62, -6, -1
0, 20, -16, -3, -8, -6, -40, 10, -5
-17, 16, 4, 11, -11, 2, -22, 13, 2
-3, 36, 23, 16, -12, 4, -37, -28, -6
-2, -1, 0, 18, 5, 3, -27, -1, -14
-4, -7, 32, -11, -10, -13, 0, -11, -8
-20, 9, 35, -6, -9, 6, 5, 6, 3
15, -8, 49, -6, 4, -11, -33, 13, 10
26, 4, 67, -6, 6, 6, -20, 5, -11
33, 1, 106, -16, -10, 10, 0, -21, -11
14, 0, 128, -8, -10, 15, -2, 13, -11
-27, -5, 137, -16, 6, 11, -31, -20, -11
-16, 11, 114, -22, 1, -1, -6, 8, -15
-27, 19, 107, -14, 14, -1, -11, -19, -13
22, 29, 89, 7, 7, 10, -21, -3, -14
-39, 14, 42, -23, -3, 6, -8, 7, -11
-6, 42, 12, -40, 15, 11, -2, -16, -2
-5, 65, -16, -25, -9, 9, -2, 0, -10
-7, 76, -33, -11, -3, 11, 17, -12, -7
1, 127, -14, 13, 6, 22, 2, 2, -9
28, 128, -10, -6, 5, 5, -7, 13, -15
29, 165, 12, -28, 3, 8, -7, -1, -4
2, 171, -16, 17, 6, 12, 5, -25, -3
25, 136, 1, -23, 4, 11, -7, 1, 3
3, 40, 18, 2, -5, 2, -20, -3, -10
-11, -91, -24, 6, -2, 18, 19, 11, -21
-12, -120, -17, 9, -22, 4, -15, 25, -16
-18, -65, -15, -3, 3, 7, -21, -7, -6
-19, -73, -16, 7, -1, 10, 11, 6, -15
7, -38, -27, -17, 14, 12, -5, 0, -10
-8, -11, 0, -14, -10, 19, -1, -2, -20
23, 16, -2, 0, 1, 13, 29, -13, -5
-27, 31, 23, 17, 0, 15, 7, 6, -13
-26, 32, 26, 10, -2, -4, 3, 3, -14
-2, 14, -32, -8, 11, 19, -14, 1, -7
12, 21, -13, 15, -26, -7, 14, 12, -12
23, 46, -69, -4, 8, 4, 14, 0, -9
-9, 78, -78, 2, -8, 2, -2, 4, 0
2, 64, -90, 28, 1, 10, -10, -7, -2
-1, 37, -92, 10, -8, 10, -7, 16, -7
-25, 3, -45, 15, -2, -7, 19, 4, -12
-12, -18, -57, 3, -17, 9, 11, 5, -10
18, -32, -56, 22, 15, 13, -30, -8, 7
24, -36, -23, -6, 17, 7, 3, -11, -10
-2, -67, -22, -12, 2, -7, -4, -3, 119
-3, -39, -45, -21, 14, -12, -30, 11, 17
1, -35, -28, -38, 5, -5, -3, -11, 6
-11, -52, -20, -8, -3, 14, -14, -29, 1
3, -121, -27, -21, 3, 3, 0, -2, 14
-33, -99, -15, -5, -8, 13, -1, 0, 12
14, -102, -46, -14, 2, -12, -4, -6, 1
-7, -101, -11, 7, 6, 4, 34, 10, -5
5, -71, -18, 1, 4, 9, 11, 9, 7
6, -64, -16, 5, -15, -18, 31, 26, 4
29, -39, -25, -11, -12, 12, 12, 9, -1
1, -40, -19, -33, -9, 10, 32, -6, -3
-10, -25, -17, 13, 7, 13, 69, -19, 2
6, -3, -5, 0, -20, 5, 23, 13, -17
8, -17, -13, 21, -18, 14, 13, 2, -3
51, -26, -5, -24, 4, 18, 27, -6, -4
24, -18, -15, -11, 12, -6, -3, -27, -1
6, -8, -19, -6, 15, 8, 2, 14, 23
13, 1, -5, 0, -3, -7, -5, 12, 21
-1, -1, -10, 1, 13, 1, -19, 4, 21
13, 7, -7, -6, -2, 11, 31, 29, 27
-17, 1, -4, -17, -2, 4, 5, 9, 39
-15, -6, -3, -3, -26, 3, 21, 18, 32
-19, -6, 2, 24, 1, 5, -4, -7, 35
-27, -19, 11, 5, -4, -5, -11, 16, 7
-17, -32, -1, 15, -5, 7, 1, 5, 15
-23, -9, -5, -25, 5, 3, 16, 2, -2
6, -11, 0, -10, 10, -5, 15, -12, 3
-5, -1, 4, -29, 2, -22, 22, 16, 9
-22, 23, -5, -19, 23, -10, -16, -6, 16
8, -13, 4, -10, 43, -12, 47, -22, 24
-29, -12, 3, -22, 26, -5, 0, -9, 29
-29, -14, 4, -2, 16, -4, -12, -18, 50
1, -17, -11, -13, 13, -8, 21, -18, 79
-24, -3, 6, 19, 4, 4, 10, -6, 102
-4, -9, 0, -4, 2, -6, 8, -27, 78
-6, -7, 9, 3, 6, 2, 16, -18, 80
23, -5, 6, 6, 10, 7, 5, -10, 38
20, -4, 2, 9, 8, 1, 32, -15, -1
4, 4, -2, 23, 1, 2, 16, 10, -64
12, -9, 10, 9, -2, 15, 32, 9, -72
8, -17, 1, -4, -9, 5, 12, -3, -84
40, -12, 0, 2, -11, -7, -7, -18, -64
27, -12, -8, -14, 14, 14, -10, -17, -56
-2, -19, 7, 45, 4, -14, 28, -3, -41
6, -14, -7, -5, 7, 9, -43, -14, -25
-13, -3, 9, 14, 16, -4, -23, 7, -45
-3, -15, 8, -6, 8, -9, -5, 10, -33
19, 5, 10, -18, 16, 11, -12, 26, -22
-3, 6, 4, -17, 21, -8, -49, 3, -27
6, -13, -1, -37, 10, -3, -11, 6, -23
-13, 3, -1, -9, 11, -7, -6, -7, -23
-10, 11, -3, 6, 17, -4, -11, -4, -15
2, 8, -1, -16, 34, -8, -2, -3, -18
-5, -8, -6, 6, 49, -13, -27, -3, -10
-29, 20, 16, 17, 32, -7, -20, 6, -16
3, 9, 16, 0, 48, -12, -40, 12, -9
2, 0, 12, -6, 39, 0, -35, 20, -9
-9, -4, 3, -23, 67, 1, 15, 6, -11
-13, 3, -7, -3, 66, 2, -9, 5, 6
-12, -2, -9, 1, 30, -21, -14, 23, 1
-3, -4, -9, -7, 28, 0, 6, 9, -5
-19, 8, -20, -38, 1, -9, -12, 20, -6
5, -11, -17, -23, -12, -11, 6, 9, -1
44, -23, 9, 0, -27, -19, -21, -11, -23
54, -43, -5, 11, -61, -1, -22, 6, -4
31, -21, -10, 22, -28, -2, -22, 9, -15
41, -20, 0, 19, -63, -11, 4, -4, -9
95, -24, 3, -8, -7, -2, -12, -8, -12
90, -8, -1, 23, -35, -9, 5, -5, 5
92, -15, 11, 7, -18, -2, 23, -2, -6
71, 3, 10, -10, -23, 6, -3, 7, 1
58, -4, 9, 12, -38, -3, -43, 10, -5
4, -2, 21, 35, -25, 1, 27, 12, -11
-10, 3, 17, 0, -34, 11, 29, -22, -7
18, -13, 57, 1, -15, 8, 6, -12, -9
-21, 1, 72, -5, -25, 3, 15, -2, -21
-41, 7, 80, 14, -4, -11, 14, -8, -2
-59, 4, 132, 15, 13, -3, 18, -12, -6
-50, 8, 207, -31, 0, 0, 12, -1, 7
-33, 3, 288, 5, 11, 5, 41, 13, -10
0, 12, 439, 6, 15, 7, -5, 14, -3
-43, -3, 668, 8, 9, -13, 20, 1, 4
-15, -9, 1013, -29, -1, -8, 46, 7, -11
-55, 20, 1540, -1, -3, -12, 25, 6, -5
-58, 2, 2295, -4, 17, 0, 34, 29, -8
9, -2, 3411, -6, 20, -22, 39, 24, -18
-27, -3, 5063, -6, 14, -8, 7, 16, -4
-23, 11, 7542, 9, 18, 3, 18, 8, -5
-24, -5, 11096, 31, 10, 4, 5, 13, -7
-35, -11, 16158, 2, 37, 5, 1, -10, 2
-1, 5, 22934, 17, 29, -2, -26, -15, -4
21, 5, 31714, 20, 8, -20, -22, 13, -8
7, 4, 42197, -6, 19, 6, -48, -4, 5
8, 4, 52394, 25, 9, -5, 9, -25, -7
3, -5, 57727, 20, 12, -10, -5, 5, 6
39, 18, 54584, 1, -10, -2, -23, -17, 8
37, -2, 41252, 38, 1, 6, -25, 1, 16
4, 14, 21853, 28, 9, -18, -35, 9, 7
15, -11, 4888, 13, 20, -2, 2, -6, 18
4, 3, -10726, 46, 11, -9, -4, 8, 8
12, 19, -23254, 42, -1, 6, 11, 29, 24
-36, 15, -31287, 2, 20, -11, -9, 24, 19
-34, 21, -33266, 33, 27, 6, 8, 23, 28
-4, 0, -33015, 8, 12, 0, -10, 52, 37
-27, 4, -32324, 32, 4, -1, -25, 30, 24
-10, 25, -30804, 33, 20, 4, -16, 8, 33
-6, 8, -30018, 64, 16, 14, 16, 18, 35
-6, -7, -28550, 29, 30, -12, 23, 31, 39
18, 0, -25463, 20, 3, -2, 34, -2, 26
0, -6, -21478, 24, -6, 8, 22, -61, 11
-18, -16, -17965, 55, -7, -8, -6, -5, 9
1, -17, -13756, 43, 19, 9, -7, 13, 27
7, 5, -9527, 55, 8, -5, -39, -8, 50
0, -17, -6535, 17, 12, 13, -4, -21, 36
-4, -7, -4118, -38, 12, -4, -26, -11, 27
-1, 7, -3734, -64, 5, 3, 6, -26, 20
1, -6, -4338, -36, 10, 13, 9, -15, -6
21, -8, -3676, -11, -13, -6, -17, -10, -3
22, -18, -2995, -53, 24, -12, 7, -19, -13
-14, 6, -2401, -36, 2, 4, -23, -24, -21
-15, -13, -2121, -47, 17, 13, 2, -27, -25
25, -10, -1794, -57, 16, -2, 3, -21, -32
-4, -2, -1344, -10, 23, 10, -38, -19, -32
30, 2, -1014, -5, 16, -1, -22, -38, -10
-15, -6, -752, -22, 31, -4, 24, -15, -16
-4, 5, -572, -6, 63, -1, 18, -19, -23
25, 2, -434, -3, 69, 3, -25, -9, -11
29, 12, -324, -15, 105, 20, -13, 1, -13
24, 4, -291, -8, 102, 8, 6, -25, -7
10, -12, -218, 19, 89, 8, 26, 1, -2
-20, -17, -185, 3, 69, 10, -20, 1, -16
6, -2, -154, 6, 22, 11, 14, -17, -17
17, 6, -124, 10, -26, 4, 26, -41, 1
17, 12, -99, 29, -57, 14, -4, -14, -20
25, -1, -97, -42, -94, 12, -7, 5, -14
15, -8, -79, 29, -68, -1, 25, 1, -21
-7, 1, -66, -1, -57, 9, -26, -21, -11
18, 16, -67, 18, -72, 4, 1, 3, -1
-8, 0, -47, -5, -40, -5, 57, -2, -7
-2, 9, -31, 7, -7, -4, 9, 3, 5
-3, -6, -38, 5, -14, 15, 19, 9, -20
5, -16, -32, 8, 0, -5, 18, -1, -7
4, -21, -16, 11, 1, 2, 6, 3, -23
-29, -13, -32, 21, 32, -10, -13, -26, -5
-53, 9, -31, 23, 22, -2, -38, -7, 2
-46, -3, -21, 23, 2, 4, -3, -15, -8
10, -13, -22, -1, 7, 8, 3, -29, -10
-28, -2, -29, -7, -9, 11, -13, -18, 13
-19, -3, -13, 11, -20, -15, -23, -12, 1
-2, 6, -38, -2, 21, -7, -16, 5, 6
-3, -8, -21, -33, -3, 4, -11, -40, 0
9, -5, -39, -5, -1, 15, 18, -3, -6
8, -7, -6, -13, 17, 2, 35, -17, 2
-10, 31, -7, 5, 26, 10, 11, -16, -4
-6, -10, -4, -23, 47, -3, 5, -5, 7
10, 12, -15, -40, 80, 4, 22, -29, 7
-70, -19, -3, -5, 149, 11, 48, -19, 7
6, -21, -23, 0, 166, -1, 34, -1, 10
-18, -15, -4, -27, 232, 6, 49, -14, -7
11, 19, -19, -9, 252, 2, 49, -16, 11
21, -3, -2, -17, 231, -5, 37, -6, -2
-2, 5, -9, 18, 211, 4, 28, -14, 11
12, -27, -7, 15, 179, -5, -4, -9, -1
-3, -12, -12, 4, 23, 1, 37, -21, 17
-1, -14, -10, -21, -103, -13, 27, -17, -2
16, -17, -10, 5, -153, -7, 33, -13, 7
42, 10, -11, -7, -241, -10, 31, -4, -9
43, 9, -10, -7, -198, -7, 0, 4, -5
34, 10, -16, 22, -155, -14, 22, 15, 5
-9, 9, -18, -19, -109, -19, 72, -24, 9
-6, -2, -17, 2, -35, -5, 3, -1, -2
-39, -2, -6, 16, -34, 6, 57, -12, 0
-40, -7, -5, 16, 7, -13, 18, -2, 9
4, -7, -4, -15, 9, -5, -6, -16, -11
-6, -7, -18, 1, -11, 1, -29, -4, 3
-5, 4, -11, 11, -46, 3, -8, -8, 5
10, 6, -24, 2, -121, -7, 14, -3, 6
-26, -5, -16, 15, -103, -4, 44, -12, -10
-23, -14, -7, 15, -78, 5, 54, -14, -10
22, -5, -4, -26, -86, 12, 72, -15, -3
7, -9, -15, -26, -61, -4, 27, 5, 3
33, -14, -6, -30, -66, 7, 56, 6, 1
-10, -3, -7, 17, -64, 11, 64, 4, -5
-26, 9, 0, 9, -46, -4, 0, 16, 8
42, 0, 3, 11, -14, 23, -70, 2, -10
29, -7, -2, 47, -15, 3, -111, -16, 5
21, -2, -14, 15, -46, 5, -130, -25, 4
33, 17, 3, 15, -25, -1, -118, -13, -4
-5, -3, -7, 1, -26, -8, -89, -19, -6
-24, 1, 0, 14, -32, -5, -56, -17, 1
-23, 8, -15, -1, -21, 0, -56, 0, -4
3, 3, 1, 21, 2, -14, -78, -26, -1
-4, 5, -13, 50, -12, -13, -60, -9, -17
-10, -3, -10, 38, -5, 12, -11, 1, -7
-39, -13, 0, 23, -13, -3, -33, -9, -10
-21, -1, -7, -17, -3, -2, -33, -2, -2
-23, -4, 5, 40, -10, -4, -24, -3, 3
-3, -1, -1, 16, -36, -3, 2, -2, 1
7, -9, 13, 28, -18, -4, -4, 12, 3
18, -6, -4, 3, -21, -1, -25, -14, 3
3, 0, 8, -19, 10, -6, -7, -10, 4
17, 7, 0, -65, 5, 1, 17, -12, 2
-29, -1, 6, -41, 0, -7, 32, -15, 0
1, -2, 3, -27, 10, -21, 18, -4, -3
-36, 9, -2, 0, 0, -9, 28, 5, 1
-29, 1, 6, -3, -15, -4, 56, 7, -6
3, -9, 6, 5, 12, -8, 28, 2, -6
-6, 2, 8, -19, -6, -1, 13, -1, 8
-10, -7, 2, -17, 15, 7, 4, 2, 8
-7, -9, -1, -28, -29, -4, 14, -9, 10
3, -9, 1, -44, -1, -2, 2, 13, 9
17, -3, -11, 4, -6, 0, 23, -14, 8
13, 7, -10, -19, -3, -2, -3, -10, 9
8, -21, -1, -11, -15, -3, -5, -12, 0
-10, -5, -6, -28, -11, -7, -36, 12, 1
20, 10, -6, -8, -12, -4, -50, 19, -2
-6, 9, 1, 9, 3, -5, -50, 2, 9
-9, -11, 3, -26, 2, -8, -54, 6, 8
-5, -21, 6, -20, 8, -13, -38, 0, -5
16, -4, 8, -34, 3, 0, -22, 12, 12
-6, 8, 12, -9, 10, -10, 13, 11, -5
-5, -15, 1, 28, 17, -2, -11, -13, 6
3, -17, 1, 25, 3, -3, -47, -18, -3
29, 2, 10, 24, -6, -8, -12, -10, 7
12, -8, 0, 19, -1, -12, 6, 15, 8
5, 6, -5, -6, 5, -13, -12, -6, 12
8, 11, 6, 32, -4, -6, 9, 6, 23
-17, -1, -8, 11, 14, -2, -3, 5, 27
35, 2, -2, -20, -12, -1, -15, 8, 2
-17, -14, 14, -11, 21, 5, 14, -18, 6
-11, -8, 10, 8, 8, 9, 3, -14, 3
-7, 10, 9, 21, -5, 2, -14, -7, 5
-6, 4, 10, 13, -5, 0, -3, 12, 2
18, 4, 1, 15, 1, -8, -3, 17, 10
16, 9, 16, 4, 1, 16, -13, 10, 7
19, 3, -1, -14, 9, 4, 13, 19, -5
6, -2, 7, -4, -7, 8, 23, 7, 20
12, -8, 11, 11, -8, -16, 0, 6, 5
-34, 13, 6, -4, -4, -8, -31, -6, -3
4, 25, 20, -29, -2, -1, -19, -10, 5
1, 17, 23, -3, -12, 4, -31, 0, -10
16, 22, 21, -5, -3, 9, -22, -5, 7
-18, 21, 22, 2, -2, 7, -28, -6, 8
7, 4, 18, -6, -18, 4, -29, -10, 4
