202, 165, 129, 191, 238, 158, 174, 200, 104
71, 60, 14, 36, 53, 70, 24, 30, 35
41, 0, -19, 39, 1, 16, -1, -20, -54
8, 21, 42, -9, -69, -1, -32, -91, -78
21, 48, 63, -19, -39, 27, -67, -56, -73
30, 57, 45, -16, -43, -4, -63, -96, -70
28, 93, 26, -13, -69, 18, -54, -69, -36
48, 27, 41, -41, -29, -24, -119, -86, -43
16, 81, 7, -53, -31, -53, -111, -98, -87
25, 41, 32, -40, -82, -19, -71, -94, -87
-33, 30, -11, -68, -65, -60, -99, -80, -65
-12, 25, 17, -56, -96, -91, -91, -107, -58
-50, 12, 30, -64, -79, -65, -125, -84, -45
-17, -52, -38, -46, -103, -79, -118, -80, -47
-84, -77, -18, -85, -75, -90, -135, -85, -48
-85, -87, -14, -133, -65, -68, -130, -101, -74
-26, -86, -39, -86, -65, -79, -70, -120, -82
-100, -58, -37, -105, -108, -109, -101, -101, -71
-209, -81, -67, -103, -114, -95, -89, -108, -101
-102, -80, -108, -110, -93, -95, -94, -95, -101
-162, -107, -61, -116, -112, -110, -107, -111, -82
-150, -84, -133, -95, -87, -112, -78, -106, -84
-114, -178, -97, -80, -93, -84, -82, -68, -89
-131, -163, -158, -71, -100, -87, -77, -89, -72
-127, -137, -88, -125, -80, -88, -68, -63, -82
-116, -132, -119, -92, -86, -82, -57, -68, -95
-157, -127, -130, -98, -80, -87, -86, -85, -54
-162, -95, -151, -82, -61, -137, -70, -71, -62
-156, -124, -73, -87, -72, -100, -51, -78, -61
-94, -155, -113, -76, -76, -92, -48, -46, -37
-137, -170, -112, -85, -67, -80, -57, -58, -63
-90, -100, -144, -59, -65, -104, 257, 248, -61
-108, -82, -148, -46, -65, -90, -36, -48, -52
-115, -135, -101, -55, -39, -83, -32, -48, -47
-94, -141, -151, -57, -47, -64, -24, -56, -35
-86, -144, -132, -31, -50, -74, -57, -60, -44
-116, -114, -112, -55, -55, -85, -54, -48, -40
-79, -80, -109, -41, -60, -39, -46, 162, -56
-52, -129, -91, -34, 286, -40, 175, -53, 228
-63, -129, -78, -58, -18, 304, -29, -53, -16
-45, -79, -103, -4, -39, -27, -34, -42, -39
-68, -66, -52, -25, -44, -52, -61, 94, -30
-60, -107, -93, 284, -55, -65, -59, -23, -39
621, -65, -91, 9, -59, -33, 100, -61, -36
-1, -74, -87, -16, -64, -75, -48, 71, -46
-93, 544, -82, -34, -36, -72, -24, -40, 135
-113, -60, -77, -37, 271, 238, -40, -71, -40
-51, -108, 553, -45, -19, -43, 95, 38, -57
-95, -104, -15, -51, -28, -60, -47, -41, -44
-89, -102, -130, -59, -24, -70, -79, -45, 96
-80, -108, -115, -54, -65, -83, 55, -16, -66
-66, -81, -135, -36, -98, 163, -39, -33, -65
-62, -71, -104, 289, -74, -82, 32, -31, 60
-31, 566, -72, 24, 215, -58, -48, -34, -22
-27, -59, -46, 1, -38, -80, 21, -35, 9
655, -117, 550, -35, -58, 138, -11, -44, -60
4, -158, -90, -43, -68, -54, -13, -5, 15
-121, -137, -110, -32, -66, -83, -2, -34, -25
-57, -94, -119, -40, 182, 86, -3, -22, -39
-63, -95, -118, -35, -45, -78, -16, -28, -54
-96, 571, -97, -21, -53, 53, -4, -7, -26
-114, -48, -63, -27, -69, 37, -6, -12, -37
-69, -103, -80, -25, 137, -72, -13, -1, -21
-56, -104, 558, -28, -37, 42, -7, -4, -36
-55, -109, -47, -32, -56, -74, 6, -20, -32
-71, -68, -71, 288, -77, 29, -14, -12, -30
-73, -94, -162, 12, 137, 26, 9, -12, -40
663, -85, -141, -17, -59, -71, -8, -15, -25
50, -50, -115, -14, -63, 50, -1, -13, -48
-57, 618, -107, -44, 112, 13, -2, -6, -18
-67, -14, 536, -14, -56, -74, -12, -14, -24
-87, -139, -39, -43, -58, 36, -4, -9, -24
-93, -136, -127, -35, 108, 15, -6, -9, -16
-50, -83, -114, -50, -47, 7, -5, -10, -15
-68, -76, -95, -42, -63, 10, 26, -13, -16
-59, -86, -100, -35, 98, -63, 17, 1, -31
-58, -79, -84, -33, -58, 18, -13, -9, -3
-70, -76, 547, 343, -62, -11, -5, 0, -29
-27, 579, -46, 22, 97, 6, 9, -6, 0
-15, -15, -175, -11, -62, 16, 26, -5, -12
-32, -99, -132, -30, -64, 9, 24, -1, -15
-65, -102, -146, -23, 126, 17, 5, -3, -7
-42, -48, -130, -9, -29, -89, 14, -2, -12
712, -132, 558, -21, -47, 30, 1, 2, -17
54, -79, -51, -9, -41, -8, 23, -9, -9
-36, -56, -153, -29, 165, -15, -18, 6, -8
-59, -62, -133, -18, -48, -25, 49, -12, -13
-6, -49, -100, -36, -47, -15, -29, 2, -14
-37, -41, -109, -47, -39, -3, -12, 13, -3
-29, 673, -84, -7, 175, -7, -24, 11, -5
-51, 47, 582, -29, -15, 11, 85, 11, -4
-60, -75, -66, -14, -47, 9, -3, 4, -7
-20, -47, -142, -4, -23, 12, -31, -1, -9
-8, -40, -123, -8, -56, 15, -25, -10, -3
-11, -77, -67, -33, -44, -1, -18, 1, -12
-10, -61, -87, -23, 180, 17, 130, -6, -5
-39, -64, -109, -10, -35, -22, 1, 7, -11
-13, -61, -76, -10, -39, 2, -13, 3, -4
-26, -45, 584, -4, -28, -4, -6, 2, 5
-41, -54, -9, -10, -25, 18, -20, -2, -9
-14, -44, -100, 378, -35, 24, 0, -1, 0
2, -32, -117, 43, -33, -60, -32, 2, 2
-17, -22, -131, 8, 236, 21, -19, 15, 0
2, -17, -83, 13, 6, 33, -29, 4, 1
1, -25, -96, 16, -3, -58, -11, 5, 1
-25, -24, -63, -12, -38, 52, 233, 14, 4
-11, -53, -75, -19, -35, -56, 31, 15, 8
-7, -53, 617, -27, -36, 70, 1, 17, 2
-15, -34, -19, -6, -32, -50, 0, 12, 3
-9, 737, -103, 2, -20, 72, 2, 0, -5
-28, 52, -76, 0, -18, -27, -4, 16, -7
10, -61, -54, -13, -19, -35, 0, 22, 14
-17, -49, -104, -13, -46, 100, 3, 13, 5
-3, -41, -57, 5, -28, -65, 0, 20, 3
3, -20, -63, 6, 327, -43, 1, 18, 4
5, -13, -42, 4, 50, 118, -8, 20, -6
2, -45, -57, 2, -26, -33, -13, 16, -7
24, 2, -60, 11, -4, -48, 4, 12, 9
15, -27, -56, 12, -33, -60, -1, 37, 3
8, -20, 645, 20, -38, 139, 0, 6, 7
-15, -4, 59, 20, -2, -41, 0, 15, -4
11, -42, -46, -10, -10, -44, 2, 27, 7
-2, -26, -133, -22, -20, -42, 21, 15, 4
10, -29, -89, -14, -6, 137, -6, 28, 5
-3, -2, -95, 5, -14, -24, -4, 28, 1
32, 6, -63, 5, -16, -27, -1, 24, 18
7, -30, -56, -3, -11, -41, -1, 21, -5
17, -9, -47, 14, -10, -38, 19, 28, 4
15, 5, -29, 27, 7, -19, 12, 14, -3
-18, 13, -48, -9, -7, 224, 5, 19, 2
-15, -8, -63, 4, -3, 2, 27, 18, -4
-21, 11, -37, 9, -32, -24, 24, 30, 22
-3, 7, -28, 7, -15, -27, 17, -8, 7
5, -41, -33, 16, -37, -36, 15, -26, 6
7, -16, -13, 8, -1, -43, 6, 79, 9
7, -12, 712, -5, -13, -28, 11, -2, 13
12, 12, 59, -1, -31, -41, 13, 7, 8
36, 6, -76, 18, 3, -48, 31, -4, 5
47, -11, -76, 13, 1, 280, 20, -7, 8
67, -2, -88, -11, -17, 30, 27, -9, 1
49, -19, -26, 35, -4, -26, 35, -1, 6
42, -1, -19, 18, -4, -16, 6, -3, 7
12, -3, -50, 34, -8, -39, 8, -16, 7
-16, -2, -17, 12, -3, -20, 8, -5, 3
22, 4, -23, 20, -8, -24, 3, -9, 17
48, -26, -34, 35, -17, -35, 18, 0, 20
11, -4, -46, 45, -16, -28, 17, 18, 8
28, -10, -44, 43, 3, -12, 21, -12, 7
-1, -1, -22, 45, -3, -43, 25, 11, 23
24, 4, -9, 19, 0, -27, 17, -12, 13
24, -5, -25, 12, 6, -23, 19, 3, 25
-2, 9, -6, 31, 2, -21, 9, 6, 9
19, -1, -8, 42, -18, -26, 23, 2, 17
57, -30, -28, 32, 420, 369, 27, -1, 10
53, -12, -25, 32, 68, 72, 19, 0, 12
57, -10, -31, 45, 45, 11, 13, -3, 11
11, 39, -11, 54, 21, 2, 33, -10, 21
-10, 1, 2, 55, 31, -10, 35, 10, 14
18, 32, -20, 31, 16, -23, 39, 1, 22
7, 35, -40, 25, -2, 5, 39, 4, 13
32, 16, -24, 31, 9, -17, 41, 2, 17
40, 37, -13, 16, -11, -8, 19, 3, 12
21, 28, -20, 24, 0, -9, 52, 0, 19
9, -19, -24, 30, -7, -8, -8, -3, 14
33, -26, -18, 46, -15, -4, 19, 6, 17
15, 23, -21, 67, 12, -25, 8, -5, 16
34, 13, 2, 62, 7, -9, 16, 17, 24
20, 29, -13, 43, -18, -6, 23, -7, 17
18, -34, 7, 52, -15, -14, 11, 6, 20
3, -17, 17, 29, -8, 9, 21, -1, 24
-16, -6, 23, 58, 7, -15, 51, 8, 14
23, 20, -8, 27, 17, -5, 30, 4, 24
49, 43, 5, 60, -1, -21, 25, 16, 38
5, 12, -31, 42, 0, -14, 22, -3, 19
46, -3, 3, 48, 5, -4, 37, 10, 25
33, -8, -9, 44, -24, 5, 24, 6, 22
-32, 14, -4, 42, 3, 16, 5, 3, 13
-24, -15, -8, 57, 11, -8, 13, -1, 23
24, -19, -35, 43, 1, -6, 32, 3, 1
20, 31, -6, -2, -7, -11, 40, 9, -10
-16, 59, 1, 44, 23, -9, 20, 0, 54
8, 5, -13, 20, 9, -9, 34, 2, 9
18, 4, -2, -15, 5, -19, 33, -1, -2
14, 2, -28, -25, 22, -15, 15, -9, -12
29, 4, 15, -14, 46, -29, 47, 5, 2
5, 7, 19, -20, 21, 2, 64, 6, -11
-23, 28, -7, 41, 3, -12, 36, -3, -1
17, -9, 13, 11, 34, 17, 30, 7, 6
8, 29, -2, 1, 12, 3, 42, -14, -3
16, 61, -5, 42, -8, -10, 20, -3, 10
8, -9, 16, 17, 29, -18, 32, 13, -10
41, 12, 9, 22, 26, -10, 8, 9, -2
45, -10, -3, -4, -5, 6, 3, 1, -12
91, 2, -10, 18, -5, 2, 32, 14, 1
27, 20, 23, -12, 17, 11, 14, 3, 1
9, -4, 33, 15, -7, 13, 17, 20, 18
28, 34, -21, 23, -13, -15, 15, 5, -2
15, 11, -7, 34, 19, -22, 25, 4, -2
50, 7, 22, 15, 17, -25, 44, 16, -8
62, 12, 2, 8, 12, 5, 46, 20, -2
83, 46, 14, 10, 32, 12, 15, 14, -2
23, 37, -1, 5, 10, 9, -7, 13, -4
30, -2, -27, -16, 20, 11, 4, 8, -5
-5, 9, -10, 21, -12, 0, 36, 33, -13
16, 38, 3, 0, 9, 1, -7, 40, -22
43, 39, -16, 18, 29, 5, 29, 6, 195
13, 70, -4, -23, 19, -13, 19, 31, 3
28, 33, -4, -13, -8, 3, 45, 16, 4
-47, 42, -7, 9, 13, -10, 65, 12, -11
-16, 3, -13, 3, 43, -7, 22, 20, 10
40, 16, 10, 8, 0, 20, 56, 19, 2
-19, 50, 15, 6, 23, 9, 30, 19, 17
-68, 30, -20, -17, 33, -13, 17, 15, -16
6, 34, -18, 50, 38, -14, 28, -4, -20
9, 9, -22, 10, 42, -26, 16, 3, -5
-25, 29, -16, 20, 25, 0, 44, 3, 2
37, 64, -6, 15, -3, -4, 39, 11, 4
-9, 26, -18, 8, 6, 8, 32, 12, -8
-38, 29, -16, 17, 35, -9, 6, 7, 10
-22, 5, -28, 48, 29, -10, 36, 10, -8
-30, 41, 4, -1, 35, -6, 21, 3, -11
-16, -15, 1, 35, -10, 0, 21, 21, -15
69, 47, 1, 28, 33, -1, 23, 13, -1
42, 51, 11, 38, 15, -11, 34, 4, 8
45, -8, 15, 11, 45, -9, 7, 3, -18
18, -1, 1, 1, 17, 1, 64, 2, -15
18, -8, -6, 36, 49, 5, 34, 30, -17
-34, 41, 33, -17, 32, 6, 3, 40, -5
63, 40, 16, -13, 63, 25, 20, 41, -5
-5, 20, 15, -41, 16, 8, 30, 31, -3
-3, 14, 18, 12, 49, 25, 37, 31, 2
7, -16, 8, 12, 14, 15, 32, 18, 3
-16, 18, -4, 23, 29, 14, 47, 34, -6
57, -9, 17, 11, 20, -2, 48, 12, -5
26, 21, -7, 2, -2, 1, 46, 14, 1
19, 25, 24, -11, 19, 28, 40, 30, -7
58, 21, 30, 41, 23, -7, 49, 25, 1
102, 6, 6, 6, 40, -20, 54, 21, -1
68, 56, 6, -6, -11, 0, 39, 36, -19
31, 73, 15, -44, 31, -16, 29, 23, -5
-4, 122, 36, -20, 15, 4, 45, 22, 5
73, 58, 21, 35, 26, 3, 63, 6, -4
4, 32, 31, -7, 13, 13, 35, 40, 4
-22, 38, 16, 5, 39, -2, 49, 17, -5
-70, 32, 20, 6, 15, 6, 89, 39, 9
-2, 27, 24, -15, -2, -11, 25, 20, 18
33, 71, 14, 67, 67, -1, 6, 35, -7
-21, 6, -23, -14, 13, 5, 28, 36, 5
31, -3, 18, -2, 12, 1, 8, 40, 3
17, 50, 15, 31, 70, -6, 71, 4, 1
18, 65, -15, -1, 60, 6, 43, 25, 0
51, 95, 14, 3, 32, -12, 31, 34, 13
65, 78, 6, -26, 25, 12, 40, 42, -3
-5, 21, 2, 37, 20, -12, 39, 53, 5
13, 22, -29, 22, 25, 20, 38, 41, -13
-15, 45, 12, -2, 53, -1, 74, 31, 3
3, 58, 41, -17, 16, 4, 61, 17, 13
1, 101, -7, -5, 25, -1, 67, 45, 4
15, 48, 6, -1, 24, 4, 51, 44, -14
-8, -12, 13, 61, 29, -8, 38, -6, -2
57, 27, -3, 27, 6, -19, 57, 12, -4
2, -3, 26, -33, 60, -11, 40, 14, -6
36, 48, -14, -1, 31, 37, 35, 28, 4
24, 7, -8, -14, 36, 0, -12, 52, -8
21, -48, -5, 25, 22, 20, 75, 19, -22
-28, -40, 27, 17, 37, 19, 6, 27, -13
39, 71, 2, -13, 41, 7, 37, 23, -1
46, 101, 5, 30, 6, 2, 79, 29, -21
52, -3, 33, 26, 23, 6, 65, 49, -1
65, 2, -8, 23, 21, 5, 49, 13, 8
-9, 55, 28, 1, 51, -14, 65, 30, -5
13, 45, -1, 32, -22, -16, 67, 34, -14
7, 29, 4, 7, 30, -27, -19, 6, 7
18, 14, 16, 45, 46, -11, 109, 10, -6
0, 50, 36, 21, 33, -14, 21, 2, 22
-3, 14, 79, 25, 12, 21, 5, 3, -2
18, 138, 60, -28, 26, 8, 34, 5, 8
47, 40, 7, 2, 24, -3, 42, 8, -5
54, 51, 20, 13, 20, -8, 42, 21, 8
25, -8, 7, 17, 41, 12, 74, 41, -17
49, 73, 30, 19, 31, 0, 18, 18, 9
77, 89, 40, 12, -2, 14, 32, 23, 12
41, 40, -27, -34, 49, 15, -4, 17, -1
-30, 41, -3, 12, 16, 7, -10, 20, 5
-50, 32, -6, 7, 16, -12, 48, 32, 4
13, 98, -19, -3, 44, 6, -2, -2, 14
7, 60, 10, 8, 26, 26, 34, 14, 15
-13, 78, 8, 5, 50, -4, -23, 7, 6
-39, 80, 33, 6, 38, 2, 38, 17, 29
-46, 17, -24, 30, 11, 15, 29, 25, 3
65, 54, -12, 1, 45, 37, 62, -2, 1
12, -6, 23, 33, 44, -8, 30, 10, 17
-12, 58, 15, 39, 57, 19, 14, -5, 17
1, -10, 14, 50, 62, -4, 59, 1, 11
9, 33, -5, 13, 35, 30, 13, 7, -3
75, 32, -18, 24, 11, 6, 63, 6, 19
8, 45, -31, 46, 13, 14, 46, -10, 8
39, 42, 7, 21, 12, 25, 16, -3, 1
88, 83, -8, 24, 12, 25, 27, 9, 11
52, 24, 18, 45, -2, 18, 92, 26, 21
121, 61, 34, -10, -10, 14, 46, -5, 14
110, 65, -10, 19, 59, 31, 46, -5, 18
96, -10, 40, 33, -5, 9, 26, 21, 0
3, 10, -6, 57, 30, -5, 40, -11, -7
62, 43, 63, -13, 16, -5, 11, 22, 20
103, 63, 47, 25, 34, 5, 9, -5, 13
43, 48, 38, 39, 29, 2, 32, 35, 1
20, 52, 16, 27, 64, -9, 4, 0, 1
-12, 101, 12, 14, 7, -9, 21, 22, -6
-11, 19, -3, 13, 12, 15, 25, 29, 3
-1, 51, 27, 23, 78, 19, -12, -3, -2
-79, 139, 34, 26, 25, 19, 19, 19, -8
-3, 68, 22, 36, 16, 36, -8, 26, -2
31, 56, 5, 16, 19, 12, 38, 28, -1
-45, 31, -53, 35, 46, 4, -22, 3, -5
-20, 37, -42, 28, 23, 38, 43, 52, 6
24, 104, -32, 68, 15, 15, 67, 35, -7
-33, 43, -17, 50, 50, 8, 59, 42, 19
42, -11, 3, 31, 1, 9, 39, 42, -11
-18, -22, -23, 68, 28, 14, 15, 13, 2
-14, 0, 16, 21, 42, 17, 62, 32, 16
38, -42, 19, 57, -43, -5, 46, 52, 5
11, 46, 26, -43, 17, 26, 41, 55, 11
23, 26, 64, 27, -1, 20, 47, 37, 14
67, 23, -5, 42, -12, 4, 3, 72, -3
98, -21, 69, 15, 0, 11, -14, 58, 13
59, 47, 19, 29, 28, 18, 20, 17, -4
29, 8, 26, 52, 8, 33, 20, 56, 12
54, 19, -51, 50, 48, 26, 34, 10, 14
53, -9, 58, 47, 37, 4, -12, 51, 4
-18, 65, 26, -8, 34, 22, 27, 77, -2
-27, 75, -45, 6, -4, 11, -39, 35, -9
43, 27, -39, -2, -42, 38, 37, 64, -9
54, -25, -32, -13, 26, 4, -11, 58, 2
-44, -19, -3, 77, 74, 17, -22, 5, 1
15, -110, 43, 0, 1, 47, 7, 37, -9
-37, -38, 48, -8, 31, 27, 11, 26, 4
-10, -95, 23, -29, 27, 7, 42, 28, -9
51, 21, -26, 44, -4, 17, 40, 32, -3
59, -29, -19, -1, 7, 18, 21, -10, 4
22, 87, -54, 7, 8, 7, -34, 43, 7
-10, 24, -27, 28, 35, -9, 26, 47, -1
13, 71, -24, 33, 21, -8, 45, 18, -14
7, 42, -5, -46, 20, 15, 16, 29, -3
20, 18, -25, -51, 11, 30, 42, 35, 12
-9, 2, -2, -15, 55, 24, 40, 31, -21
12, 14, 28, 17, 5, 23, 12, 36, 10
26, -33, -9, 68, 31, 38, 9, 13, -13
6, -80, 39, 30, 35, 6, 24, 33, 19
36, 18, 50, 10, 34, 11, 61, 19, 4
-43, 30, 70, 43, -31, 28, 31, 38, 14
50, 10, -21, 28, -13, 18, 40, 75, 10
-26, -15, -10, 36, 14, 16, -17, 56, 2
-40, 42, -15, -15, 48, -36, 21, 59, -9
-2, 3, -36, 46, 10, 15, -3, 21, -7
79, 27, -30, 18, -28, 43, -9, 35, 4
22, 43, -42, -5, 5, -2, -1, 7, -11
-36, -14, -19, -5, 40, 24, -17, 33, 3
17, 78, -17, 13, -9, 23, -37, 39, -7
62, 10, -3, 9, -30, 31, -37, 25, -6
44, -47, -15, 50, 54, 15, -82, 52, 6
110, -38, -9, 26, 49, 12, 23, 24, 7
84, 41, 18, -12, -3, 4, 27, 62, 0
78, 108, -9, 62, -13, 15, -56, 37, 14
31, 18, 9, -2, -36, 3, -76, 42, 11
10, 100, 23, -24, 12, 36, -19, 70, -3
52, 115, 0, 23, 11, 28, 20, 35, -2
7, -2, 47, 22, 74, 42, 23, 68, -17
2, -44, 49, 36, 4, 37, -26, 24, -5
-37, -18, 49, 5, -11, 58, -35, 19, 3
28, -66, 13, 37, 27, 9, 14, 48, -12
-75, -66, -13, 11, -5, 58, 42, 73, 19
5, -27, 4, -47, -46, 17, -15, 64, 12
-66, -44, -16, -33, 12, 30, -1, 76, -4
-43, -69, -50, 6, 41, 9, 8, 58, 20
4, 2, 56, 53, 8, 36, -11, 70, 9
55, 46, 8, 23, -19, 37, 23, 57, 19
47, -17, 38, 63, -11, 38, 44, 40, 0
46, 7, 52, 73, -32, 8, 1, 79, -9
8, 93, 59, 42, 18, 20, 12, 61, -2
-67, 86, -17, 111, -31, 27, 6, 89, 3
-50, -55, 44, 57, 26, 64, -12, 43, 7
48, -14, -36, 46, -25, 25, 22, 18, 15
-73, -2, 26, -19, -12, 29, 9, -14, 20
3, 57, -39, 58, 37, 27, 8, 1, 16
-72, 39, -48, 18, -36, 9, 55, 11, 18
11, 12, 6, -8, 10, -2, 24, -60, 3
4, 79, 53, 19, -43, 1, -8, -25, 25
-69, 23, 16, 7, -7, 45, 71, -17, 26
-45, -92, -25, 12, -31, 45, 46, -20, 26
-10, 56, -9, 51, -9, 30, 1, -17, 28
79, -22, 38, -14, -15, 8, 46, -39, 26
-38, 28, -24, -19, 2, 3, -30, -16, 11
-36, -66, -18, 52, 19, 27, -9, -20, 22
30, -60, 36, 1, -4, 51, 99, -13, 22
10, -38, 23, 3, -29, 37, 73, -30, 9
38, -48, 8, -11, 11, 21, 78, -12, 14
-3, -29, 58, 10, 46, 16, -4, -11, -2
47, -58, -11, -18, 81, 19, -40, 13, 11
21, -50, 20, 25, 46, 2, 68, 25, 13
60, -62, 78, 25, 33, 6, -21, 18, 14
65, -10, -40, -7, -8, 37, -52, 5, 34
86, 34, 61, -33, -7, 47, -4, 18, -1
75, -55, -10, -26, -68, 38, -1, -5, -5
96, -77, -8, 41, -96, 22, -39, -13, 7
-7, 80, 2, 56, -93, 46, -61, -18, 15
31, 164, 10, -3, -39, 13, 29, -24, 31
-2, 65, -18, 7, -46, 35, 28, -63, 34
19, 120, -25, 45, -23, 34, -29, -45, 18
-28, 45, 6, 17, -19, -9, -46, -46, 32
44, -17, 36, 3, -22, 5, -56, -59, 14
65, 5, -29, 15, -39, -43, -14, -38, 38
-22, 60, -11, 62, -79, -25, -40, -28, 6
16, 20, -52, 23, 8, -53, -52, -42, -4
63, -89, -20, 61, -9, 1, -18, 16, 7
7, -17, -67, 4, -21, -34, -13, 20, 6
25, 145, 35, 75, 37, -6, 6, -11, 34
38, 2, -22, 36, -18, 33, -45, 18, 30
61, 47, -33, 51, -5, 16, -54, -34, -3
-8, 78, -15, -9, -18, -24, 12, 20, -2
-22, 64, -21, 62, 11, -29, -73, -10, 3
56, -49, -52, 13, 27, 16, 7, 15, 7
-13, 21, 68, 71, -4, -19, -24, 1, 25
-50, -37, -37, -33, -17, -8, -15, 11, 40
-7, -93, -8, -44, -7, 9, -34, -27, 39
62, -102, 51, 2, -58, 0, -72, -17, 26
-20, 14, 52, -68, 16, 28, -50, -10, 38
-114, 20, 34, -19, -21, 56, -40, -51, 49
-68, -1, 67, -81, 23, 79, -30, 12, 19
-20, -15, -53, -3, -29, 36, -86, 1, 25
5, 9, -20, -32, -16, 58, -65, 20, 48
-11, -154, -37, 25, -34, 58, -79, 11, 50
-53, -2, -13, -50, -59, 46, -55, -27, -6
-111, -34, -51, -76, 28, 43, -69, -9, 43
-119, -71, -13, -23, 2, 20, 7, -38, 17
-100, 69, -21, 9, -8, 15, -72, -7, 33
-44, -51, 54, -24, 15, 14, -45, 34, 53
-7, -20, 33, 11, -7, 18, -46, 11, 48
-52, -14, 115, -7, -51, -23, -41, 28, 9
-80, 54, 16, -51, 29, 2, -53, 19, 42
-58, 17, 24, -53, 4, 12, -36, 14, 26
-9, -55, 6, -8, -21, -34, -2, 6, 15
17, 45, 35, -67, -35, -13, -56, 7, 19
-68, -43, 18, -121, -9, 22, -25, 9, 25
-40, -2, 15, -70, -52, 10, -43, -24, 39
40, 29, 17, -42, -24, 37, -58, -13, 3
-72, 35, 74, -31, -17, -15, -56, -39, 32
-82, 8, 52, -32, -58, 0, -20, 25, -12
-167, -33, -52, 11, -53, 5, -32, -47, 13
-88, 14, 26, 37, -27, -5, -29, -18, 1
-84, -106, -12, -44, -20, 25, -45, 12, 11
-95, -36, -15, -27, -54, 9, -34, -8, 12
-3, -16, 32, -78, -30, 14, -40, 6, 28
-34, -85, 59, -34, -35, -1, -39, 17, 5
-72, -43, 27, -86, 1, 57, -49, -15, 4
-148, -62, -25, 37, -6, 45, -30, -17, 30
-30, -84, 29, -4, -3, -24, -20, -16, -7
-27, 2, -38, -90, -49, -25, -45, -20, -2
-35, -88, 56, -42, -42, 0, -48, -46, 13
13, 30, -53, -16, -44, 25, -33, -22, 24
-28, -95, -30, -4, -38, 35, 26, 16, 1
-61, 12, -67, -57, 5, 56, -32, -47, 38
-127, 135, 15, -53, 13, -20, -45, -17, 16
-57, 30, -21, -22, 41, 44, -5, -6, -5
-72, 79, 2, -24, -8, 11, -31, -28, 19
31, 68, -3, -19, -10, -9, -42, 15, 21
61, 122, -12, -25, -19, -11, -44, -76, -6
-121, 118, -16, 13, -46, 4, -13, -25, 10
-142, 24, -24, -13, -84, 1, -31, -8, 53
-39, 33, 29, -52, -7, -42, -12, -36, 32
19, -126, 22, -87, -40, -9, 31, -12, 29
-102, -23, 18, -36, -62, 47, -72, -15, -13
-35, -144, -18, -15, -57, -15, -48, -54, 12
-51, -269, 18, -85, -65, -12, -22, -17, 57
-36, -135, 22, -36, -33, -19, 13, -29, -6
-10, -284, 48, -63, -48, 43, -46, -32, 9
-8, -205, 39, -24, -38, -42, -44, -33, -10
-96, -134, 33, -60, -8, -11, -97, -19, 17
-45, -131, -17, -32, -16, -2, -49, -48, 8
-33, -196, 50, -79, -17, 50, -83, -18, 13
-27, -161, 16, -82, 4, 38, -75, 38, 32
-42, -102, 21, -75, -68, -23, -25, 16, 25
-68, -69, 11, -62, -54, -12, -20, -13, 18
-47, -110, -24, 10, 7, -12, -36, -16, 18
23, -12, 6, -13, -25, -10, -31, -6, 23
5, 45, 56, -81, -38, -19, -63, -8, 2
56, -38, -7, -42, -33, -11, -48, -39, 6
-31, 48, 12, -49, -15, 17, -101, -29, 15
-57, -77, -8, -51, -43, -12, 20, -6, 24
5, -137, 42, -30, 0, 7, -12, -6, 0
-114, -76, -6, -46, 31, -30, -20, -27, 15
-58, -104, 32, -63, -4, -14, -24, -9, 12
-86, -200, 61, -7, -17, -24, 4, -5, 15
-70, -95, 29, -29, -6, 26, -37, -9, -20
-56, -88, -46, -5, 24, -16, -14, -8, 12
-15, 63, 38, -82, 16, 16, -14, -23, 1
-133, 68, -9, -11, -1, 42, -51, -44, 9
-104, -125, -40, 5, 19, 41, -12, -29, 27
-54, -130, 15, 10, -33, 26, -32, -31, -12
-68, 9, 15, -49, 37, 63, -16, -8, 2
-61, -25, -30, 6, -3, 32, -58, -18, 10
-34, -41, -3, -8, 20, 17, -13, 11, 3
-9, -6, -28, -31, -15, -1, -41, 29, 51
-31, -108, 43, -6, -65, -3, -2, -6, 33
-4, -63, 14, -39, -63, -10, -34, -13, 11
-70, 23, -41, -32, -101, 37, -67, -27, 11
-92, -87, -19, -77, -36, 3, -50, -2, 7
-22, -97, 62, -73, -75, 3, -51, -3, -18
13, -68, -19, -20, -54, 45, -46, 32, 21
10, -117, 79, -36, -67, -13, -80, -6, -14
6, -89, 69, -42, -102, -10, -55, 1, 14
-47, -106, -19, -62, -87, 20, -55, -43, -41
-25, -8, 47, -25, -41, 63, -13, 6, 6
-9, -20, -36, -54, 17, 73, -55, -18, 1
-73, -61, 17, -57, -95, 27, -10, -33, 1
-23, -17, 70, -49, -50, 61, -15, -43, 34
-88, -86, 56, -23, 10, 81, -64, -57, 1
-54, -67, 113, -52, -12, 102, -52, -33, -29
-58, -85, 133, -49, -40, 4, -59, -37, 0
-50, -93, 190, -28, -64, -5, -37, -13, -3
-19, -33, 193, -63, -18, 44, -53, -38, 3
-91, -32, 225, -20, -52, 9, -42, -35, 4
-156, -40, 127, -3, -51, -45, -16, -20, 17
-17, -83, 17, -30, 21, -39, -17, -43, 29
-18, -79, 62, -16, -17, 20, -43, -17, 11
26, -49, -105, 2, -11, 46, -36, 1, -13
-17, -83, -114, -42, 16, 5, -17, -33, -8
-93, -151, -61, -18, -36, 23, -37, 15, 31
-71, -55, -42, -52, 23, -45, -24, -28, -6
-82, -29, -33, 9, -87, -21, -43, -19, 20
-5, -11, 3, -27, -17, -41, -22, -10, -12
29, -80, 46, -66, -18, -68, -11, -50, 49
37, -132, -40, -58, 7, -62, 1, -73, 17
25, -94, -21, -15, -67, -36, -27, -50, 7
107, -37, 22, -28, -33, -46, -36, -47, 13
11, -86, -37, -20, 8, -63, -51, -25, -33
41, -89, -77, -36, 44, 11, -74, 5, -7
13, -165, -37, -51, -13, -40, -19, -20, 13
103, -156, -47, -21, -6, -20, -40, -51, -30
190, 18, -2, -30, -42, -48, -23, -36, -12
270, -68, -16, -10, -33, 10, -28, -41, 27
173, -28, 65, -77, -42, -19, -35, -54, 12
286, 1, 10, -18, -11, 11, -1, -30, -8
130, -111, -3, -24, -26, -9, -71, -41, -15
-13, -87, -61, -25, 14, 28, -37, -27, -13
-54, -104, -50, 11, -19, 11, -31, -48, 20
-121, -135, 56, -5, -31, 28, -22, -49, 20
-237, -138, -3, -10, 7, 15, -20, -1, 18
-320, -160, 60, -47, 5, 8, -72, -34, 7
-137, -33, 107, -67, -45, -6, -56, -31, 6
-134, -14, 51, 3, 2, -20, -64, -17, 18
-204, -4, 39, -4, 48, -34, -31, -18, -2
-192, -88, 151, -27, 62, -11, -29, -41, -24
-250, -96, 27, -7, 24, 5, -43, -25, 18
-73, -99, -50, -30, 70, -23, -47, -32, -8
-69, -65, -21, -50, 31, -42, -16, -14, -3
-171, -99, 22, -63, 8, -8, -25, -13, 16
-190, -83, -12, -14, 17, -2, -70, -18, -8
-117, -41, -156, 3, -4, 4, -39, -14, 40
-120, -30, -135, -48, -11, -38, -51, -74, -14
-102, -60, -85, -3, -36, -34, -43, -28, 34
-243, -55, -25, -24, -36, 30, -40, 18, 23
-157, -31, -76, -50, -27, -42, -16, -23, 24
-65, -36, 2, -4, -52, -32, -7, -60, -11
-153, -69, 8, 21, -20, 15, -20, -50, 2
-144, -63, -51, 19, -10, -45, -51, -32, 17
-13, -64, 31, -15, -37, -6, -29, -21, -16
-126, -50, 21, -74, -42, -30, -59, -51, -9
-83, -49, 19, -62, -18, 8, -44, -44, 12
-26, -51, 51, -56, -26, 11, -73, -45, -3
-3, -31, 29, -53, -2, -54, -36, -12, 7
43, 83, -58, -56, -15, 40, -40, -13, 19
69, -3, -38, 6, -5, -28, -14, -49, 5
-47, -23, -44, 21, 6, -99, -5, -50, -8
16, -74, -78, -23, -24, -52, -28, 0, 13
-42, -70, 33, -53, -48, -19, -47, -50, -15
-70, -27, 56, 1, 9, -64, -51, 0, -2
35, 6, 8, -47, -60, 39, -28, -43, 1
-36, -93, -40, -23, -22, -18, 3, -17, -26
-1, -79, 36, -51, -19, -12, -14, -63, -24
-72, -16, -14, 0, -1, -37, -26, -53, 5
-52, -71, 32, 3, 11, -31, -32, -30, 5
-96, -72, 15, -15, -13, 33, -30, -2, 5
-2, -43, -21, 32, -26, 9, -22, -15, -2
-3, -45, 9, -5, -13, 12, -40, 6, 3
-6, -15, -73, 0, 14, -13, -23, -36, 0
17, -17, -17, -37, -3, -44, -6, -8, 21
-22, -61, -48, -52, -24, -18, -17, -21, -29
-41, -9, -4, -14, -61, -36, 16, -12, -33
-83, -4, 7, -32, -36, -2, 22, -38, 35
-31, 5, -13, -54, 16, -44, 18, -32, -33
38, 70, 19, -54, 3, -14, -35, -17, 3
-87, 113, -50, -36, -33, 28, -4, -63, 4
-100, 128, -50, -16, -1, 60, -27, -39, 22
-26, 164, -51, 28, -29, -25, -13, -42, 20
-16, 166, -38, -19, -54, -48, -7, -26, 12
-113, 107, -3, -35, -14, -11, -33, -14, 15
25, -45, -63, -5, -1, -8, -10, -12, 4
-7, -85, -49, -46, 12, -8, 3, -38, -8
-76, -129, -39, -4, 1, -46, -8, -5, -22
-69, -96, -39, 14, 7, 8, -6, -9, 1
-76, -70, -38, 14, -18, 6, 1, -1, 28
-54, 3, 50, -7, -33, -50, -19, -43, -4
-81, -9, 77, -23, -27, -13, 16, 11, 55
-16, -83, 75, 14, -8, -13, 17, -29, 26
-55, -60, -28, 14, -22, -28, 33, -12, 27
-11, -213, -21, -2, 13, -36, 6, -17, -2
2, -142, 35, 4, 21, -24, 13, -38, -15
-34, -118, -10, -14, -31, -38, -25, -42, 21
-101, -105, -28, -7, -14, 8, -22, -23, -7
-82, -102, 10, -9, -72, -14, 15, -53, -12
59, -83, 72, 8, -23, -32, -9, -40, -16
-44, -58, 52, -7, -2, -13, 0, -50, -4
4, -56, -89, -56, -45, -2, 8, -34, 51
-13, -83, -68, 35, -36, -20, -4, -40, 13
-6, 13, 15, 43, -25, -9, 0, -33, -17
-72, -111, 31, -18, -52, -2, -17, -17, -34
-19, -154, -8, -5, -18, 4, 1, -10, 17
-124, -151, -4, -5, 4, -35, -9, -35, 1
-69, -52, 56, 19, -10, -7, 16, -61, 2
-112, -89, 68, 19, 4, 25, -12, -28, 35
-61, -37, 23, 1, -20, -31, -14, -27, 9
-67, -17, -19, 43, -63, -53, -26, -44, -23
-18, -48, -18, -2, 1, -36, 0, -2, -23
-22, -108, -11, 32, 2, 0, -32, -21, -30
-62, -31, -3, 11, -28, 9, -15, -19, 17
-63, -65, 17, 44, -66, -27, 10, -5, 6
-40, -51, 57, 21, -24, 11, -28, 12, 28
-43, 5, 85, 17, 17, 26, -24, -13, 35
80, -76, 33, -14, -27, -26, -11, -17, 16
-9, -81, -13, 45, 8, -40, -6, 9, 12
18, -19, 11, 13, -15, 21, -19, -26, 23
27, -91, -63, -19, -11, 13, -27, -17, 6
8, 34, -27, -7, 11, -34, -30, -21, 21
30, 12, -21, 14, -17, -14, -21, -15, 29
-18, 12, -45, 10, -30, 35, 13, -7, 26
-44, 34, -57, 1, -35, 51, -11, 7, 29
-35, -65, -61, 13, -34, 42, 21, -8, -14
-29, -14, -93, 26, 17, 49, 21, 11, 32
27, -50, 55, -44, -38, 43, -33, -8, -7
-34, 29, 29, 0, -51, 57, 11, -24, -6
20, 43, -44, -2, -26, 76, -2, -6, 32
20, -23, -97, 0, -22, 94, -1, 10, -22
20, -54, -31, -26, -13, 32, -14, 25, 9
-109, -62, 3, 9, -38, 73, 10, -21, 37
-38, -35, -24, 17, -21, 6, 5, -7, 5
-45, -11, -33, -2, -3, -30, 5, -22, 31
7, 43, 64, 1, -32, -40, 22, -19, 34
16, 18, -39, -29, 0, -50, 21, -7, 41
-13, -44, 23, 34, 19, -39, 5, 21, 64
-132, 7, 53, -3, -18, -74, 7, 4, 101
-20, -37, -14, -1, -25, -64, 1, -18, 139
-29, -2, -6, -58, -37, -8, 29, 8, 126
38, -2, 96, -30, -11, -66, 23, 1, 131
21, -51, 76, 35, 18, -51, -10, -2, 106
-31, -13, -63, -7, 20, -36, 4, -6, 127
-6, -36, 4, -3, -39, -26, -11, -6, 119
-38, -26, -39, -1, -11, -16, 24, -1, 126
-25, 34, 23, -22, -20, -57, 14, -24, 145
-25, -75, 33, -4, -16, -53, 43, 15, 196
2, 7, 20, -25, 15, 11, 5, 12, 254
-26, -25, -9, 9, -20, -34, -3, 9, 268
-33, -48, -18, -18, -26, 0, 15, 10, 329
20, -38, -79, 7, 7, -15, 27, -8, 325
-75, -58, 90, -1, -48, -37, 25, 5, 396
11, -27, 94, 1, -21, -22, 22, -8, 254
-39, -29, 160, 15, 17, 5, 20, -10, 83
-11, -4, 286, -63, -5, -23, -11, -17, -156
5, -11, 241, -31, 23, 0, -21, -13, -217
-50, -16, 427, 4, 16, -51, -15, -4, -320
-9, 28, 556, -24, -43, 33, 4, 25, -248
111, -54, 590, -31, -23, 22, -12, -12, -252
5, -21, 643, -62, -2, 10, -20, 6, -273
-66, -4, 710, 18, 23, 7, -2, 6, -212
-77, -67, 571, 41, -11, 47, -6, -6, -217
-46, -64, 222, -22, -15, -43, -10, 4, -126
-40, -23, -6, -39, -35, 9, -3, 7, -144
41, -36, -357, -30, -20, 3, -6, 6, -100
-7, 9, -193, 10, -13, -43, -25, 17, -127
-14, -52, -43, -72, 3, 9, -28, -38, -59
23, 2, 26, -25, -29, -29, -22, 1, -11
2, -38, -33, 34, -43, -11, -35, 1, 6
-21, -5, -249, -1, 12, -50, 19, 7, 90
-30, -22, -603, -21, -37, -15, 8, 10, 104
-1, -54, -679, -51, -24, 41, 15, 12, 166
-33, 4, -690, -10, -7, 23, 29, -12, 181
-110, -13, -569, -5, 6, 29, 11, -22, 242
-50, -36, -414, -18, 1, -8, -8, 7, 192
-53, -58, -402, -24, -10, -37, 11, -22, 282
-66, -41, -311, -58, -18, -20, -1, 3, 381
-26, -24, -248, -46, -16, 4, -18, -4, 547
-75, 27, -222, -39, 23, -16, 9, -10, 545
-47, -30, -146, -4, 3, 3, -17, -18, 501
-62, -11, -135, -1, 3, -22, 21, -5, 379
7, -54, -40, -43, -16, -10, 25, 7, 160
27, -4, -27, -37, -34, -44, 9, -17, -151
-46, -49, -59, -20, -10, -64, 35, -9, -359
11, 33, -16, -22, -39, -3, 33, 3, -580
2, 32, -82, -6, -26, -23, 47, -18, -589
26, -56, -95, -17, -30, 18, 80, 4, -475
5, -23, 2, -20, -28, -7, 47, 2, -368
-79, 14, 31, -43, -35, -30, 62, -6, -292
-56, 40, -77, -5, -35, -24, 59, -35, -261
-31, -23, -33, -35, -26, 16, 69, -30, -159
-86, 8, 14, -3, -9, 0, 43, 0, -200
-28, -16, -52, -23, -4, -49, 53, 0, -145
-10, -33, -58, 11, -29, -71, 25, 3, -67
-31, -28, -26, -2, -10, -61, 11, -10, -104
22, 32, -54, -23, -43, -3, -22, 4, -46
-50, 2, -69, 2, -14, -15, -3, -18, -49
-9, -24, -53, 12, 28, -53, 9, -26, -17
29, -47, -52, -28, -9, -19, -14, -21, -83
7, -24, -61, -22, 7, -51, -5, -4, -40
-20, -58, -69, -22, -2, -22, -14, -8, -49
-20, 7, -75, -35, -16, -33, -20, -17, -36
1, -49, 50, -22, -42, -30, 29, 3, -3
52, -62, -12, -35, -38, -9, -29, -36, -26
27, -26, -19, -2, 12, 23, -9, -7, -61
103, -7, -12, -15, -39, -25, -4, -17, -27
24, -9, 31, -18, 0, -29, 8, -8, -21
-31, 70, -7, 17, -4, -32, 16, -8, -8
111, 30, -70, -1, -41, -53, 31, -22, 14
-2, 20, 45, 37, -24, -6, 13, -20, -4
-19, -10, -85, -31, -26, 33, 23, -28, -23
-52, -5, -48, -17, -17, 19, 16, 1, 6
46, 17, -62, 2, 2, 16, 23, -12, -2
-62, 4, -7, -31, -6, -7, -6, -8, 12
-85, -41, -50, -43, -17, -18, 13, -40, -26
-18, 36, 48, 16, -37, -3, 22, -6, -18
6, -27, -115, -14, -10, -9, -44, -5, -37
-39, -5, -128, -9, 10, -32, -45, -28, 15
18, 40, -69, 5, -13, 15, -14, -23, 26
62, 45, -46, -29, 18, -8, -9, -34, 3
60, -8, -54, -38, -34, 12, -5, -3, -10
-36, -2, -48, 22, 5, 23, -12, 3, -30
-23, -23, 21, -1, -19, -19, 20, 15, 29
45, -7, -108, 13, 3, -22, -7, 3, 14
18, 31, -76, 0, 13, 29, -16, -6, 5
-48, 44, -80, 28, -3, 15, -4, -13, 4
9, 36, -51, -48, -7, -30, -1, -14, -17
-23, -51, -10, -53, -18, -30, -16, -13, 3
-53, 17, -47, -3, -16, -8, -2, -4, -6
-6, -5, -54, -19, -10, 22, 5, -7, -6
30, -29, -37, 1, -20, 7, -6, 8, -19
23, -16, -90, 23, -15, -41, -9, 14, 34
-77, -15, -10, 28, 2, -36, -5, -25, -35
46, -8, 18, 9, -7, -32, 21, -16, -10
0, -14, -59, 40, 4, 6, 11, -16, -22
32, -9, -32, 19, -8, 38, 16, -11, 13
-10, -19, -34, 5, 3, -3, -10, -9, 41
-70, -3, -40, 32, 6, -1, -39, -24, 8
-41, -41, -42, -6, -4, -1, -32, -12, 9
16, 20, -37, 40, -5, -12, 31, -10, 13
-92, 47, -13, -14, -3, 36, 15, -35, 50
-37, 50, -75, 0, -13, 10, -23, 13, -2
44, -18, -45, 4, 14, 4, -1, 2, 34
-34, 10, -32, 11, 0, -7, 19, -2, 40
-49, 3, 7, 14, 0, -23, 23, -26, 14
-23, 22, 20, 5, -13, -35, 28, -3, -2
-86, 16, -80, 5, 2, -10, 33, -16, -12
-72, -21, -92, -7, 12, -16, 34, -8, 38
22, 21, -89, -11, 3, 13, 22, -14, 26
30, 11, 10, 35, 20, -5, -1, -3, 13
18, -31, -58, 7, -7, -12, 12, -27, 19
28, 1, -76, -13, 1, 10, 41, -23, -7
71, 5, -9, -3, -25, 0, 1, -12, -46
43, 39, -97, -15, 8, 0, 61, -28, 18
4, 31, -70, 16, -4, 0, 37, -19, 40
30, 33, -39, 12, 38, 39, 49, -6, 54
0, 41, -30, 15, -11, 46, 42, -20, 7
-4, 20, 4, -9, -13, -27, 18, -26, 25
63, 42, -16, -8, -25, -22, 15, -39, -17
37, 10, -61, -2, 0, -38, 34, -13, 6
55, -21, -46, -26, 5, 22, 46, -13, -2
87, -18, -63, 4, 5, -60, 52, 9, 7
52, -3, -80, 0, 30, -27, 39, 8, -5
90, 8, -16, 6, -15, -33, -2, -16, -34
51, -9, 5, -28, 13, -17, 3, 10, 30
107, 56, -54, -25, 5, -16, 15, 17, 16
228, -26, -22, -15, 1, -16, 21, -12, 43
154, -9, -7, -29, -4, 9, -2, 0, 29
32, 26, -61, 4, 13, 31, 34, -7, 7
-35, -6, 25, 40, 32, 29, 21, -17, 35
-94, -9, 2, 57, -3, 5, 29, -24, 9
-86, -6, 8, -10, 0, -19, 18, -15, 39
-123, 29, 57, 24, 4, -32, 27, -31, 29
-112, -13, 27, 29, -4, 2, 25, -20, 48
-31, 31, -72, -17, -27, -19, 50, 2, 32
-61, 6, 11, -17, 16, -10, 69, 1, 124
-19, 5, 5, 6, 39, -25, 73, 1, 116
-40, -13, -5, 7, -27, 39, 43, -5, 222
-72, -14, -90, -5, 13, 2, 56, -9, 289
31, 2, -35, 0, 29, -25, 42, -4, 433
-1, -15, 7, 1, -3, 16, -10, 1, 648
-22, 45, 3, 7, 18, 5, -9, -12, 917
-68, 41, -44, -41, 38, 14, 52, -16, 1314
17, 14, -33, -24, -13, -26, 32, -41, 1685
-82, 49, -78, 2, 14, -36, 4, 89, 2144
-78, 62, -8, -15, 31, -39, -14, -5, 2413
-74, 61, 47, -39, 19, 39, 11, -15, 2519
-48, -40, -13, -3, -23, -13, 78, -5, 2140
-35, 63, -28, -13, -4, -7, 38, -8, 1658
-61, 24, -3, -30, -12, 4, 54, -1, 1410
-33, -28, 9, -32, 5, -2, 28, -3, 2027
-79, -47, -101, 14, -4, -40, 39, -4, 3237
-41, 11, -133, 50, -3, 3, -4, 1, 3868
-14, -28, -53, -4, -2, 7, -15, 10, 2665
-84, 31, 13, 12, 15, 3, -71, 5, 438
-43, 22, 29, -20, 13, 21, 29, -1, -1995
-22, -21, 23, -18, 6, 12, -5, -15, -4373
-78, 8, 13, -2, 28, 2, -30, -14, -5259
-37, -39, -8, 12, 14, 0, 13, 0, -4833
-74, -33, 1, 28, 10, 10, -12, -12, -3806
-19, 14, 2, 43, 8, 14, -45, -3, -2746
0, -34, 7, 13, 17, -21, -21, 2, -2092
41, -54, -20, 29, -3, 13, -11, 6, -1515
-46, -39, -17, 34, 16, -8, 15, -16, -1066
7, -2, 8, 0, -16, -18, 30, 4, -733
-24, 61, -56, 20, 5, -63, -10, 11, -489
6, -24, -86, 1, 15, -15, 33, -3, -395
21, -46, -14, 11, 13, 22, 4, -7, -236
-60, 11, -14, 17, 13, -18, 10, -5, -158
2, -2, -48, 13, 39, -14, 25, -18, -112
68, 0, -29, 10, 18, -25, -33, 9, -105
40, -48, 53, 40, 14, -21, -8, -3, -72
66, -41, 26, -26, 7, -38, 0, 12, -131
23, -14, -10, 2, 31, 26, 6, -13, -55
-116, -90, -58, 18, 44, 9, -37, -15, -42
-63, -1, -10, -3, 9, -4, -23, 169, -68
39, 77, -72, -5, 62, 2, 6, 13, -37
-42, 29, 34, -29, 38, 6, -15, -3, -12
58, 5, 26, -24, 3, 18, -47, -2, -19
-7, 45, 14, -10, 19, -13, 27, -3, -32
6, 55, 0, 11, 9, -34, 6, 1, -35
-112, 68, 1, 3, -27, 2, -36, 2, -41
-57, 52, -31, -11, 41, -8, -26, 1, 7
-25, 4, -87, 11, -14, 50, -35, 15, 22
-1, 15, -43, 20, 22, -14, -37, 2, -37
43, 57, -29, 13, 24, -27, -15, -11, -20
27, -41, 22, 15, 12, -26, -33, -4, -17
-17, 4, -3, 2, -28, 22, -4, 15, -19
9, 24, -19, 71, -25, 4, 9, 8, -15
-54, 45, -40, 52, 23, -13, -8, 14, -69
-101, 25, -56, 33, 33, 33, 9, 14, -12
-36, -58, 22, -12, 14, -6, -11, 31, -7
58, 32, -12, 62, 16, -14, 10, 10, 5
-1, -28, -34, 13, 9, 41, -17, 44, -13
2, 24, -16, 12, 7, 23, -7, 23, 12
-42, 74, 12, 17, 27, 7, -7, 42, 48
-9, 39, -8, 41, 51, -20, 1, 53, -29
-16, 76, 67, 54, 43, 11, 2, 49, -20
28, 119, 67, 51, 26, 8, -15, 52, -18
-42, 167, -62, 84, 43, -15, 9, 49, -14
-10, 189, -50, 72, 63, 19, 13, 51, -4
-14, 227, -25, 120, 57, -19, 16, 40, 5
17, 131, -30, 82, 42, 35, -37, 56, -16
37, 53, -36, 81, 29, -25, -10, 53, -48
-90, 30, -8, 91, 58, 35, -65, 33, -12
-122, -155, 53, 79, 41, 15, -11, 16, -7
19, -92, 0, 60, 24, -19, 11, 8, 21
8, -30, 41, 34, 61, -10, -1, 23, -26
-43, -8, 12, 54, 88, 9, -6, 8, -26
-48, -96, -41, 2, 26, 6, -10, 16, -14
-91, -137, -57, -16, 25, -12, 2, 9, -55
-39, -165, -78, -18, -12, 1, -14, -9, -16
-30, -76, -48, -28, 50, -8, -32, 10, -34
-111, -79, -1, -32, -1, -2, 3, 26, -26
22, -22, -57, -27, 15, -9, -26, 34, -53
-36, 7, 7, -35, 25, -49, 5, 8, 8
-1, 1, 27, -29, 33, -59, 9, 25, -34
8, -22, -25, -43, 20, -14, -5, 13, -24
15, -26, 59, -56, 47, -5, -7, -2, -20
-49, -4, 7, -7, 21, 11, -27, -5, -14
-57, -45, -3, -5, 4, 5, -32, 7, -21
-27, -31, -6, 8, 27, -11, -8, 15, 7
20, -39, -27, -37, -2, 12, -4, 1, -26
-73, -50, -7, 10, -1, 2, -5, 10, 12
-42, 14, 3, -54, 40, 12, -12, -12, 16
-123, -65, -8, 29, -26, -24, 3, 8, -22
-57, -13, 21, 35, 29, -13, -41, -10, -15
-3, 29, 14, -44, -11, 21, 8, 7, -1
-2, -38, -9, 28, 0, -20, 3, -7, 3
-34, 19, -2, 2, 2, -2, 3, -6, 33
-37, -32, -14, 1, 10, -4, 18, 22, -14
-49, -14, -4, 48, -34, -18, -39, 15, 41
-39, -29, 1, 45, -24, -50, 8, 26, -61
-25, -6, -54, 20, -59, 5, 36, 9, 31
-77, -70, 6, 53, 16, -28, -4, 4, -2
-81, -1, -18, 45, 37, -37, -21, 14, -21
18, -11, -8, 28, 7, 8, -20, 26, -17
-18, -7, -15, -51, -31, -15, 17, 38, 11
-5, -32, -3, -48, -53, 7, -28, 10, -6
-63, -100, -5, -36, -50, 15, -19, 36, 1
-22, 52, -77, -1, 6, -14, 22, 48, 7
-23, 41, -103, 39, -13, -3, 8, -8, -14
-65, 61, 9, 35, 5, 7, 18, 22, -25
-28, -20, -9, 23, -46, 15, -6, 18, -40
47, 1, -29, 70, 6, 36, 0, 20, 19
-59, -70, -43, 71, 15, 12, 29, 22, -20
-9, -65, -16, 81, -9, 24, -4, 4, -25
9, -103, -24, 108, -13, -19, 44, 19, -49
-32, -33, 12, 140, 29, -38, 4, 24, 20
-99, -6, 20, 143, -5, -32, -24, 23, -48
-62, -53, -62, 102, -57, -18, 16, 8, -66
-29, 51, -17, 39, -8, 18, 17, 6, -16
-47, 20, -51, 40, 10, 17, 8, 23, -44
-42, 15, -73, 3, -36, -2, 9, 40, -25
2, -6, -14, -33, -38, -7, 25, 51, 9
-1, -12, 25, -79, 34, -26, 20, 34, -28
20, -53, -35, -40, 7, -13, 42, 60, -24
69, -78, -42, -17, 24, -1, 33, 46, 0
17, -72, -26, -1, 6, 9, 51, 15, -32
-46, 34, 24, -33, 8, 19, 28, 9, -24
20, -1, -15, -14, 27, -31, 63, 18, -55
-24, -24, -7, -47, 61, -30, 64, 33, -14
-16, -29, -10, -25, 36, 22, 61, 14, 9
-23, 7, -11, -54, 46, 3, 23, 43, -14
-37, -34, 7, -37, 125, -4, 49, 31, -38
3, -23, -5, -7, 204, -17, 11, 33, -13
-1, -10, 23, -12, 336, 4, 18, 42, -58
69, -43, 7, 3, 426, -1, 0, 13, -10
2, 23, -23, -28, 514, 15, -4, 18, -24
-23, 33, -34, -6, 842, -3, 15, 26, -89
71, 31, -26, 2, 1107, -2, 14, 39, -47
3, -23, 24, -32, 1292, 19, 12, 52, -25
-28, 2, -13, 62, 1427, 12, -11, 13, -1
-43, -55, -51, 54, 1446, 0, 21, 57, -39
22, -4, 29, 42, 964, -9, 3, 36, -62
-44, 4, -36, 77, 210, -11, 29, 27, -21
-85, -18, 52, 102, -692, -2, 4, 34, -16
16, -67, -12, 163, -1125, -3, -16, 8, -19
-11, -59, 18, 113, -1107, 42, 10, 22, -54
12, -91, 22, 25, -882, 49, 28, 37, -31
49, -37, -4, 59, -740, 26, 46, 43, -39
77, -19, 17, -31, -717, -13, 18, -3, -17
87, -4, -62, -31, -648, 32, 29, 23, -19
32, 13, 59, -27, -475, -9, 71, 43, -9
-20, -22, -7, -59, -310, 28, 51, 39, 16
-52, 19, -10, -29, -273, 11, 64, 19, -55
-9, -12, 10, -34, -377, -15, 91, 55, -20
69, 35, -30, -37, -351, -3, 45, 23, 10
-10, 15, -1, -75, -291, -6, 57, 31, -29
0, -8, 6, -43, -294, -14, -9, 18, -5
12, 6, -16, -33, -201, 11, -7, 45, 4
9, 33, -64, 32, -93, 14, -17, 31, 6
-57, 9, -21, -5, -20, -5, -14, 15, -7
-68, 5, -44, 44, 62, 30, -51, 64, -4
29, -19, 10, 7, -9, 72, -52, 54, -55
-52, -28, 37, 15, -24, 21, -4, 15, 31
7, -57, 3, -24, 10, 44, 5, 35, -17
25, 16, -27, -33, -3, 57, -33, 27, -15
-8, 44, 42, -21, -122, 52, -25, 24, -11
15, -13, 15, -1, -115, 36, -22, 36, 15
65, 1, -55, 10, -130, 72, -13, 40, -30
60, 30, -9, 3, -129, 17, 13, 39, -40
-20, -5, -7, 43, -110, 34, 3, 48, -68
1, 11, 29, -22, -111, -8, -19, 48, -29
40, 35, 17, 8, -38, 7, -14, 27, 5
-32, 9, 13, -37, -92, -5, 22, 23, 9
6, -11, 59, -45, -75, 33, 34, 16, -14
42, -5, -1, 5, -58, 11, 24, 11, 0
-33, -63, -25, -6, -47, 26, -7, 36, -42
-43, -6, -10, -54, -64, -23, 1, 53, -33
-2, -65, -57, 5, -47, -2, 22, 35, -28
-16, -37, -12, -8, -21, -40, -26, 15, -15
-44, -44, -9, 13, -51, -8, 16, 31, -30
-17, -93, -52, -18, -30, 24, -25, 53, -3
-6, 14, 5, 33, -28, 35, -4, 72, 20
-57, -6, -63, 4, -22, 4, 26, 52, -11
-24, 42, -43, -28, -26, -14, 17, 59, -30
-35, -26, -70, 14, -20, -31, 7, 22, -8
49, 0, 51, -22, -9, -27, -16, 47, -65
50, -86, 12, -55, 19, 32, -13, 73, -22
-27, -59, 34, -57, -35, 32, 12, 74, 6
-40, -13, -50, 9, -53, -11, 11, 68, -20
-3, 53, -17, -16, 14, 33, -5, 36, -9
-22, -1, 44, -20, 10, 10, -14, 73, -37
21, -44, -5, -48, -18, 55, 26, 48, 4
44, 0, -30, -7, 23, 1, 0, 47, -6
73, 11, -81, 25, -34, 6, 42, 45, -10
12, -15, -3, -16, -19, 1, 27, 11, -10
34, -44, -8, -30, -46, 9, 80, 53, 5
-1, -34, 33, -46, -36, -12, 4, 36, -31
-3, -31, 17, 36, -35, -28, 49, 28, -13
-56, 3, -49, -7, 15, -29, 41, 37, -25
59, 71, 41, 10, -22, -30, 36, 42, -35
73, 32, -31, 9, 11, -23, 65, 2, -8
-5, 8, 17, 1, -5, 29, 38, -8, -51
-8, -10, 17, 26, -25, -37, 4, 30, -30
12, -55, -59, -43, -13, 25, 23, 13, -84
73, -60, 14, 6, 36, 5, 29, 11, -40
43, -6, -18, 24, 23, -2, 57, 1, -52
17, 26, -36, 11, -15, 6, 41, 45, -43
-19, 20, -43, 4, -62, -17, 37, 37, -12
-62, 53, -32, 7, -19, -21, -11, 14, -40
-58, 9, -2, 17, 8, -22, 37, -16, -41
-7, -15, -110, -6, 4, -7, -21, 23, -27
-32, -49, -33, 16, -54, 17, -12, 35, -30
-77, -24, -20, -24, -14, 4, -27, 44, -18
17, 31, -50, -8, -26, 2, -1, 16, -15
23, 23, 35, 37, -33, 13, -6, 42, -49
1, 55, -10, -12, -7, -16, -48, 30, -21
-19, -1, 3, -7, -3, -8, 2, 11, -42
6, 48, -12, 2, -11, 32, 16, 11, -27
11, 76, -37, -17, 27, -11, 10, -2, -30
18, -28, 27, 19, -2, 0, -21, 11, -21
17, 48, -21, 10, 8, 16, 35, 43, -18
83, 17, -1, 11, 27, 34, 0, 11, -20
75, 30, -27, -1, 3, 17, 43, 27, -21
59, 46, 1, -32, 15, 9, 101, 29, -35
3, 82, -27, -7, -11, 43, 20, 25, -19
-19, 80, 28, 22, -20, 6, 107, 59, -9
-18, 46, -72, -40, 6, -5, 153, 27, 5
-5, -21, -121, -14, 20, 17, 230, -5, -4
-6, -28, -22, -22, -3, 10, 257, 33, -34
54, 17, 7, 34, 2, 17, 298, 26, -33
86, 20, -34, -54, -21, -3, 301, 39, -19
27, 100, -34, -18, 27, 10, 317, 32, -34
-23, 107, -43, -13, 16, 35, 239, 4, -23
60, 118, -64, 23, 10, 49, 98, -11, -4
-34, 131, 2, 70, 38, 58, -15, 18, -27
-5, 122, 40, 38, 33, -2, -135, -2, -32
-7, 252, -52, 25, 27, -12, -167, -23, -7
-29, 391, -19, 37, 37, -17, -122, 1, -26
14, 619, -7, 14, 9, 35, -79, 23, -4
-41, 850, -22, -54, 32, 9, -157, -15, -8
27, 1087, -6, 14, 51, -8, -71, 18, -41
96, 1299, -13, -40, 39, -36, -118, 10, -28
67, 1343, 3, -24, 43, -35, -17, -1, -22
-19, 1051, -56, -32, 6, 11, 44, 7, -6
-21, 428, -15, -19, 53, -11, 182, 16, 19
-37, -174, -3, -1, 10, 22, 316, -12, -5
-2, -718, 4, 11, 18, 46, 384, -8, 10
-23, -687, 26, 1, -46, 14, 494, 28, -13
48, -798, -32, 18, -46, 6, 447, 45, 6
54, -811, -34, 24, -4, 46, 328, -15, -31
84, -619, 11, 21, -20, 46, 121, 7, -19
22, -418, 41, -15, -4, 32, -123, -9, -24
-20, -449, -18, -51, 25, 15, -314, 16, -4
-48, -384, 9, -4, 11, 25, -332, 29, -16
5, -427, 20, 11, -3, 41, -328, 19, -2
39, -441, -25, 52, -42, 25, -316, 52, -9
17, -460, -55, 21, -28, -20, -284, 15, -28
-50, -387, -63, 69, -3, 30, -228, -9, -16
46, -228, 16, 60, 10, 10, -115, -25, 11
90, -73, -22, 50, 36, -17, -42, -77, -4
53, 23, 25, 138, 13, -20, 124, 10, -15
43, -21, 84, 106, 20, -37, 186, -32, -14
-6, -107, -42, 64, 24, -3, 345, 22, -18
-38, -12, 10, 118, -4, 12, 555, -15, -36
65, -63, 12, 40, 39, -1, 688, -12, -24
53, -25, 21, 1, 53, 29, 786, 30, -14
81, -42, -17, -97, 27, -41, 613, -15, -20
39, -61, 0, -36, 14, -57, 214, -20, -13
75, -95, -8, -86, 8, -55, -335, -30, -9
128, -35, 27, -59, -31, 38, -722, 14, -13
134, -76, -43, -14, -3, -24, -746, 11, 0
180, -98, -70, 15, -31, 36, -622, -2, -6
261, -85, -80, 47, -16, 58, -577, 1, -7
363, -105, -42, -25, 17, -4, -375, -3, -9
430, -21, -61, -62, 18, 21, -365, 16, -13
575, 11, -57, -62, -27, 12, -272, -29, 6
528, -67, -65, -3, 15, -28, -199, 9, -28
582, -86, -5, -77, -49, -45, -189, -4, -47
467, -28, -46, -30, -18, 43, -89, 7, -36
307, 38, -53, -27, 24, -6, -129, -45, -34
105, -26, -19, -3, 22, 2, -64, 9, -27
-273, -44, -31, 23, 26, 54, -78, 20, 0
-462, 67, -55, -33, -14, 52, -98, -15, -31
-614, 34, -23, -46, -37, 6, -96, 26, -20
-720, 22, 7, -56, -12, 53, -52, -13, -29
-661, -1, -12, -41, -7, -12, -32, -25, 13
-493, 49, -27, -21, -5, 49, -56, 15, 0
-356, 32, 27, -31, 39, -37, -45, -15, -10
-379, -8, 81, -27, -4, -16, -64, -67, -1
-227, -15, -37, -18, -18, 30, -36, -19, -45
-227, 102, -11, -71, -21, 27, -85, -21, -15
-122, 101, 21, 12, -6, 3, -59, -32, -20
-122, 35, -21, -15, 17, -17, -72, 15, -6
-21, -12, 2, 0, 26, 71, -46, -9, -14
-15, 33, -29, -39, -12, -3, -50, -45, -2
-34, -68, 50, -31, -1, 21, -20, -12, 8
-61, -6, -23, -61, -19, -5, -48, -9, 2
-59, -11, 35, -44, -15, -23, -54, -7, -1
-75, -44, -14, -8, 9, 9, -65, 12, -2
-37, 35, -70, 39, -7, -6, -72, 24, 3
-72, 46, -20, 1, 31, 65, -53, 42, -32
-95, 38, -36, -65, -4, -3, -6, -13, 9
-5, 15, -63, -90, 8, -29, -15, 37, -7
-38, 77, -5, 10, -17, -7, -73, 47, -1
-83, 75, -14, -53, 2, -8, -32, 47, -14
-20, 72, 15, -39, 74, -68, -38, 89, 3
-55, 54, 11, -32, 69, -23, -17, 22, -1
-72, 86, 4, -84, 31, 42, -30, 45, -13
-56, -61, 63, -76, -10, -32, -61, 19, 18
-6, -39, 39, -72, 62, 3, -34, 34, -6
18, -92, 46, -14, 27, -17, -43, 16, -13
-11, -123, 3, 26, 42, 9, -35, -12, -6
-54, -78, 3, 2, 23, 4, -25, 62, 1
23, -32, -13, -28, 16, -15, -34, 9, -21
37, -72, 18, -17, 18, -3, -18, -71, -37
135, -35, -18, -35, -11, 9, -36, 18, -38
37, -49, -43, -68, 37, 13, -55, 31, -5
39, 20, -46, 18, 23, 22, -27, -45, 2
82, 20, -62, -51, -24, -30, -8, 15, -5
46, -36, -3, -53, -16, 26, 7, -26, -17
43, 12, -48, -39, 10, -1, -13, 6, -11
-3, 65, 17, -42, 10, -56, 1, -18, -6
32, 33, 41, -72, -26, -50, 29, -37, -29
-17, -48, 66, -57, 35, 5, -12, -21, -8
15, -2, 22, -46, 1, 36, -26, -35, -7
-43, 81, 6, -30, 26, -53, -16, 10, 1
-43, -17, 47, -6, 14, -12, -10, -22, -19
-88, -11, 50, -10, 26, 17, -19, 9, -21
-13, -27, -13, -43, -13, 12, -12, 10, 1
-34, 55, 12, -56, -14, 4, 10, -18, -11
-14, -85, -7, -7, -4, 17, -49, -18, -25
22, 21, -19, -31, 23, 4, -13, -35, -13
-8, -15, 0, -36, 4, 18, 28, -51, -1
29, 2, -5, -30, 23, 30, 44, 7, -5
32, 90, -45, -22, 12, 64, -22, -51, -12
-40, 12, -70, -65, 43, -9, -10, -33, 5
-93, -78, -20, -2, 40, 4, -38, 19, -19
-76, 4, 5, -9, 55, 32, 5, -5, -19
20, 35, 7, -42, 67, -34, 1, -15, 0
78, -16, 7, -25, 22, 29, -35, -34, -2
-8, 1, 41, -23, -1, -27, 20, 42, -26
-37, 53, -10, -37, 10, -48, 16, -17, -33
75, 124, 83, -23, -7, -15, 67, -20, -23
60, -5, 30, -6, 43, -2, 5, -17, 0
9, -8, 41, 36, -20, -2, -4, -5, -15
-11, 46, -46, 10, -6, -22, 14, 52, -5
26, 80, 21, -36, 36, 27, -5, 7, -25
58, 16, -5, -43, 11, -4, -16, 11, -22
-54, -1, -43, -67, -7, 27, 4, -54, 5
-70, -64, 14, -46, -26, 34, 9, -26, -28
-36, -4, 52, 2, 8, 27, -21, 9, 11
22, 8, 9, 7, 6, 16, 28, -9, -9
12, -106, -32, -33, 19, 41, -41, 32, 6
-30, -128, -9, -10, 25, 28, -4, 19, -7
43, 11, -50, -8, -21, 34, 2, 38, -11
45, -103, -27, -18, 9, 36, 38, 1, -6
4, -69, -27, 31, 17, 99, 4, 1, 7
-22, -17, -30, 0, -32, 6, -17, 3, -6
-92, -39, 12, -39, 19, -12, 19, 25, -5
9, -139, 25, -44, 37, 41, -31, -20, 15
11, -67, 30, -59, 29, -14, -20, -12, -23
22, -15, 51, -75, -1, -23, 0, -3, 3
-8, -81, 138, -42, -32, -38, -35, 52, 0
-46, -47, 194, -56, -5, -11, 5, 16, -3
-23, -15, 250, -69, 22, -50, 2, 3, 0
20, -47, 338, -57, 3, 38, -28, -1, -18
34, 7, 542, -36, -15, 10, -35, 31, -15
1, -46, 808, -22, 2, 6, 5, -15, -17
-63, 98, 1218, -50, 22, 9, -23, -3, 4
-32, -93, 1885, -40, 34, 28, -9, 25, 4
-32, -42, 2809, -20, 31, 33, 6, 9, 11
-78, -55, 4123, -26, 6, 19, -24, 0, 7
-38, -65, 6237, -8, -36, 25, -40, 17, -14
-70, 47, 9305, -25, -18, -1, -33, -8, -28
21, -10, 13885, -14, 23, -8, -18, 13, -23
49, 23, 20494, -51, -24, 29, -85, 51, -15
45, 28, 29809, -15, 38, 10, -27, 57, 17
10, 13, 42090, -89, 25, -52, -35, 16, 7
34, 18, 56478, -48, 29, -43, -23, -46, 6
-70, -30, 69543, -49, 11, -44, -31, -15, 4
25, -61, 74743, 10, -26, -20, -5, 18, 8
-42, -9, 62603, -48, -1, -1, -26, -3, -4
-97, 27, 30383, -13, -33, -46, 13, -24, -19
28, 43, -11070, -57, -29, 5, 29, 30, -17
51, 47, -45601, -30, -14, -18, 17, -17, -15
47, 66, -60296, -46, 41, -17, 10, -31, 4
53, 0, -62845, -70, 15, 54, 6, -31, -21
24, 3, -56423, -29, 54, 66, -9, 2, 0
-72, -83, -46936, 1, -48, -19, -25, -45, -3
-24, -99, -37203, -10, 3, 20, -45, 21, -19
-126, -2, -29691, 3, 17, -2, -43, -14, 0
-68, -47, -23121, 4, -4, 4, -18, -23, -6
-33, -55, -16661, -14, -5, -20, 7, -20, 1
-3, -29, -11379, -4, 35, 51, 14, -34, -4
-94, 37, -7880, 6, 23, 31, -3, 27, -7
-46, 20, -5650, -19, 7, -2, 11, -1, 11
-95, 58, -3930, -37, 11, 13, -26, -2, 2
-5, -103, -2666, 7, 16, 27, 43, -1, -7
-53, -10, -1807, 36, -15, -3, 19, 2, 6
6, -27, -1123, 4, 12, -23, -17, 3, -11
7, -2, -731, -54, 27, -6, 60, 36, -6
-51, -34, -554, 2, -7, 4, 26, -77, -10
14, -46, -426, -1, 8, -13, 13, 14, -8
-21, -7, -460, 34, 40, 7, 36, 4, -23
4, -1, -236, 13, -15, 25, 40, -12, -15
33, 2, -249, 19, -51, -8, -5, -23, -11
0, -17, -193, -15, -27, -36, -21, 11, -9
7, -49, -101, -13, 4, -4, 1, 69, -8
20, 20, -123, 10, -26, -5, -4, 69, -19
-100, -68, -48, 6, 62, 17, -24, 18, -8
37, -128, -59, -15, 32, -30, -66, 41, -24
88, -85, 13, 10, -6, -15, -24, 62, 1
-12, -53, -114, 46, -2, 10, -11, 74, -34
8, 4, -62, 29, 13, -25, -15, 8, -12
41, -34, -13, -2, -17, -57, -44, 27, -20
100, -35, -12, -30, 26, -34, -54, 42, -3
-8, -18, 19, -34, -28, -15, 1, 43, -32
-61, 61, 17, -14, 18, -60, -19, 128, -9
-136, -51, 34, -2, -45, -30, -11, 41, -4
-76, -107, -58, 5, -4, -10, -3, 13, -13
-65, -61, 9, -1, -26, -29, 21, -2, -7
-119, 5, 56, -40, 1, -9, -17, 21, -13
-44, 1, -4, 6, 21, 31, 8, 14, -22
36, -64, -26, 16, -31, 27, 30, -9, -14
46, 28, 62, 4, -9, 21, -3, 13, 6
26, -26, 38, 39, 24, -6, -6, -5, -6
-78, -76, 76, 59, -20, -28, -8, 44, -28
-56, 20, 131, 17, -16, 13, 10, 25, 71
-94, -26, 110, 10, 23, 6, 3, 8, 3
-56, -42, 110, 71, -32, 3, 18, 8, -8
-79, 8, 125, -9, 44, 6, 33, 36, 3
-49, 27, 195, -4, 6, 15, -3, 0, 8
-95, 10, 197, -13, 4, 11, 9, 0, -22
17, 16, 229, -19, 20, -57, 14, -31, -2
98, 4, 165, -3, -4, -47, 2, -20, -21
-34, 132, 73, 11, -14, -13, -12, -14, -13
15, -43, -75, -38, 14, 25, -15, 10, 58
-7, 34, -73, 4, 16, 23, -3, 17, -10
-38, -6, 44, 45, 5, 15, 25, -74, -10
-89, 20, 205, -33, 15, -37, 14, 10, 0
25, 14, 249, -28, 30, 7, -19, -12, -7
-87, 62, 69, -5, 4, -29, -13, 14, -10
-40, 77, -209, 15, -68, 14, -7, -22, 5
-68, 2, -249, 6, -14, 9, 18, 7, -8
-15, -11, -309, 3, 10, -60, -46, 2, 5
-17, 71, -286, 57, 36, 17, -31, 2, 5
-17, 39, -215, 6, 60, -15, 16, -16, -6
-18, 63, -129, -23, -2, -29, -39, 0, -1
-58, 45, -165, 26, -7, 17, 4, -52, 10
-79, 56, -19, 33, 24, 0, -25, 21, 10
-72, -3, 1, 35, 15, -31, -1, -35, -10
-15, -36, 4, 18, -53, 14, -14, -13, 13
-11, -140, -72, -53, 37, 63, -8, -17, 25
6, -68, -42, -14, 41, 8, -17, 45, 19
-68, -3, -77, -19, 41, -7, -58, -10, 25
7, -95, -69, 20, 55, -50, 31, 62, 33
-6, -137, -130, 4, 35, -37, -24, 95, 45
-33, -38, -103, 1, 25, 7, -12, 114, 62
25, -107, -29, -9, 109, -25, 1, 165, 97
23, -199, -53, -9, 71, -45, 39, 152, 133
-25, -70, -32, 43, 99, -22, 34, 209, 207
67, -84, -86, 48, 72, -45, -6, 198, 311
-23, 20, -99, 41, 14, 18, -16, 164, 436
-15, 23, -28, 46, 2, 31, -22, 109, 622
-37, 19, 35, 57, -6, 9, 0, -23, 846
4, -2, 12, 36, 10, -7, 13, -6, 1108
-128, -50, 51, 53, 7, 56, 13, -132, 1336
-60, 21, 176, 62, -23, 42, 0, -191, 1496
-28, -82, 216, 24, -32, 21, -16, -175, 1312
-56, -230, 324, 56, -28, 64, -19, -173, 804
-62, -145, 504, 39, -53, -21, 9, -106, 246
25, -21, 741, 27, -20, -22, 11, -66, -231
-8, -38, 1007, 75, -91, -19, 11, -76, -411
-49, -57, 1385, -11, -11, -13, 11, -118, -418
40, -89, 1956, 15, 2, -37, 8, -72, -459
-76, -50, 2180, -4, -59, -26, 8, -50, -589
-93, -4, 2158, -27, 39, 29, -25, -69, -776
-100, 5, 1450, -62, 7, 35, 16, -95, -850
-10, 0, 463, -19, -10, -29, 0, -16, -582
17, -40, -846, -35, 31, 19, -7, -39, -473
66, 32, -1452, -15, 11, -27, -43, -50, -232
-56, 28, -1322, 6, -36, 19, 2, -24, 31
19, 11, -870, 1, -51, -48, -5, 32, 163
-15, -44, 219, 26, -45, 10, -22, -25, 127
-86, 12, 1611, 58, 3, 10, -20, -32, -69
11, -66, 3129, 11, 1, -26, 9, -41, -173
-46, -96, 4505, 42, 33, -9, -7, -13, -347
-58, 19, 4408, -2, -27, -1, -3, -43, -290
-63, -14, 3554, 35, -13, -14, -1, -4, -83
-76, -81, 2828, 19, -4, 23, 35, -23, 28
-71, -61, 2634, 60, 23, 18, 36, -25, 301
-28, -9, 3002, 71, 74, -1, 5, -31, 506
-17, 32, 3206, 15, -9, -34, 35, -17, 593
15, 38, 3457, 27, 12, -35, -8, -58, 617
-69, -54, 3134, -13, 88, 23, 7, -43, 530
-52, -97, 1288, -19, 115, -28, 64, -41, 329
-24, -101, -1250, 2, 103, -13, 49, -22, 206
-43, -16, -3294, -1, 43, 29, 16, -20, 136
-76, 30, -4844, 35, 77, 4, 21, 4, 33
49, -31, -5522, 0, 10, 5, -7, -4, 1
28, -94, -5136, 56, 5, -19, -7, -23, 9
-102, -30, -4470, 35, -3, -72, -56, -46, -139
-42, -45, -4252, 37, 63, -22, 3, 2, -334
10, -65, -3590, 21, 12, 24, -20, 19, -421
-32, -11, -3049, 34, 12, -15, -10, -52, -417
3, -30, -2682, 39, 29, 42, -10, -6, -308
74, -47, -1935, -2, 72, -15, -12, -63, -88
93, -68, -1362, 28, 95, -10, -28, -37, 223
4, -26, -1137, -59, 141, -25, -48, 15, 623
-38, -27, -684, 27, 167, 2, -45, -51, 959
-66, 69, -428, 6, 147, -21, 6, -8, 1195
-64, 118, -378, 2, 92, 18, 35, -26, 1111
11, 160, -353, 9, 177, -78, 26, -16, 610
-107, 205, -235, -2, 144, -46, -21, -45, -109
-162, 227, -131, 6, 85, -29, -18, 4, -697
-78, 254, -145, -48, 102, -19, -9, -44, -1158
-95, 219, -66, -1, 14, -15, 1, 12, -1024
-11, 207, -83, 21, -31, 2, -5, 12, -918
-61, -28, -10, 9, -68, 16, -3, 2, -767
-137, -54, -24, 13, -39, -2, -18, -31, -684
-1, -72, 43, 64, -186, -12, -23, -73, -550
-91, -128, 18, 5, -137, 8, -8, -28, -414
64, -193, -14, 33, -158, 63, -29, -28, -345
45, -182, -47, -23, -179, 31, -53, -54, -225
-18, -246, -5, -5, 7, 29, -30, -62, -157
-46, -152, -14, 11, -20, 1, -12, -40, -11
16, -72, -21, 3, -56, -4, 9, -55, 107
28, -62, -14, -13, -5, 17, 7, -36, 215
28, -13, -34, 22, 31, 27, 35, -39, 336
40, -91, -30, -24, 98, -19, 5, -11, 412
48, 35, -10, 56, 100, -6, -15, -19, 522
53, -4, -12, -22, 202, 31, 15, -6, 518
142, 97, -52, -43, 297, -13, 1, -25, 421
190, 134, -22, 44, 437, -17, 17, -35, 32
110, 142, -46, -9, 554, -30, 2, -54, -333
143, 139, -40, 10, 821, 11, 8, -58, -522
47, 246, 13, -37, 1121, 5, 5, -14, -581
140, 272, -8, 6, 1463, 34, -21, -33, -476
8, 290, -66, -6, 1951, -2, 5, -36, -408
-76, 179, -18, 41, 2311, -24, -30, -23, -329
-37, 112, -22, 2, 2412, 41, -16, -6, -221
-95, 20, -19, 58, 2297, 0, -20, -39, -181
-77, -233, 3, 11, 1867, 14, -20, -15, -188
-126, -394, -13, -8, 878, -31, -20, 37, -197
-113, -392, 69, 43, -202, 2, -46, -5, -145
-147, -310, 53, 15, -511, -28, -3, -28, -125
-134, -243, 12, -1, -351, -6, 24, 2, -74
-141, -187, -43, -11, -111, 22, 3, 21, -79
-106, -174, -108, 1, -107, 62, -43, -35, -59
0, -129, -75, 12, -678, -41, -12, 14, -29
-103, -81, -45, -3, -1504, 45, 13, -20, -13
-32, -128, 46, 36, -1928, -29, 22, 10, -7
-69, -44, -10, -5, -1988, -14, -44, -16, 16
-16, -56, 26, 54, -1751, 26, 7, -23, 81
18, -77, -40, 30, -1616, 14, -17, -24, 104
83, -68, -4, 2, -1279, -38, -16, -59, 180
118, -46, 0, 27, -1082, 1, 18, -8, 294
62, -49, 53, -17, -924, -22, 15, -52, 420
52, -92, -8, -2, -704, 21, -8, -50, 548
-134, -8, 26, 20, -466, 15, -35, -47, 793
-116, -69, -16, 18, -362, 51, -4, -43, 962
-67, 18, 2, 18, -367, 47, -30, -47, 1122
-75, -31, 33, -6, -307, -55, -3, -12, 1036
-22, -92, 61, 0, -204, 67, 5, -33, 792
-40, -28, 67, -26, -176, 18, -5, -36, 415
-10, -2, -20, 68, -110, -2, -28, -19, -63
73, -66, 8, -27, -96, -25, -33, -36, -524
20, -37, -13, 45, -79, 38, -23, -55, -723
47, 15, -39, -24, -103, 33, 29, 11, -766
26, -91, -27, -75, -59, -14, -10, -17, -556
14, -55, 8, -5, -79, -23, -14, -27, -587
7, -78, -67, 45, -36, 21, -55, -74, -451
-16, -26, -5, -1, -117, 21, -35, -10, -249
-44, -12, -23, -11, -118, 57, -9, -36, -87
-23, -34, -22, 23, -73, -15, -27, -63, 274
-78, -66, -57, 24, -42, 24, -59, -53, 606
-98, -54, 15, -55, -50, 5, 7, -21, 1024
-6, -21, 13, -23, -44, 40, -3, -51, 1456
-58, -54, -14, 18, -5, 17, -45, -39, 1826
-71, -53, -37, -23, -29, -26, -26, -43, 1984
-11, -18, 8, -19, -137, -80, -8, -60, 1709
-105, -73, -9, 34, 1, 16, -35, -81, 1120
-94, -102, 41, 44, -45, 15, 9, -44, -183
-186, -66, -58, 25, 15, 28, 7, -61, -1470
49, -48, 54, 22, -30, 67, 22, -26, -2006
-21, -90, 6, 7, 24, 33, -17, -14, -2027
-69, -99, 2, 13, -29, -5, -16, -19, -1836
-62, -10, -1, 17, -37, -40, -11, -31, -1452
-23, 11, -42, 5, -53, -24, 21, -7, -1110
-42, -22, 57, 8, -31, 43, -11, -23, -785
-62, -66, 56, -71, 14, 39, -30, -28, -671
-22, -12, 19, -40, 21, -16, -13, -21, -464
20, -82, 19, 55, -20, 39, -42, -30, -359
-49, -27, 98, 45, -72, -10, -51, 17, -261
-25, -55, 47, 21, 6, -6, -42, -24, -170
-73, -38, 58, -8, -41, -23, -25, 25, -131
-22, -8, 22, 1, -5, -63, 9, 8, -102
-69, -24, -40, 2, 0, -8, -27, -9, -119
6, 27, -1, -19, -42, -28, 8, 5, -77
-91, 39, 20, 36, -35, 19, -9, -5, -56
-7, -14, 6, 12, -30, -15, -7, -15, -40
30, 30, -5, -26, -65, -14, -7, -28, -59
-62, 51, 6, 15, 14, 19, -23, -40, -38
31, -15, -37, -25, -29, -19, 13, -10, -37
-6, -101, 6, 10, 18, 10, -5, -48, -30
-90, -16, -28, -28, -36, -26, 7, -20, -5
-97, -20, -48, -32, 31, 4, -41, -18, -5
-111, -39, -63, -12, -78, -103, -17, -15, -37
-144, -19, -38, -18, -30, 30, -29, -23, -17
-12, -42, 48, -35, -14, 4, -17, -47, -25
-46, 37, -65, -50, -2, 20, -5, -4, -24
-3, -2, -24, -23, -36, 41, 9, -15, -20
-98, -1, -13, -23, -85, 25, -20, -30, -23
-61, 77, -6, -17, -4, 22, 15, -62, 14
-33, -9, -38, -26, 14, 5, -25, -21, -12
-23, 12, -42, -17, 22, -13, -13, -26, -6
-153, -20, -64, -15, 30, -20, -3, -36, -7
-32, -17, 67, -34, 32, 14, -13, -37, 2
7, 20, -29, -9, -4, -29, 16, -33, 1
27, -7, -22, -50, -3, 13, -8, -46, 3
-88, -16, 54, -14, 43, -30, -43, -42, 20
-143, -68, -49, -17, 65, -33, 18, -41, -23
-92, -30, -44, -61, 78, -81, 3, -35, -3
-25, 19, 8, -53, 63, 18, -39, 9, 11
-5, -12, -62, 6, 95, 10, 6, -7, -18
33, 9, -33, -32, 180, 12, -7, -30, -4
-34, 8, 15, -16, 180, 32, 3, -6, -3
-49, 3, 13, 74, 265, 4, 2, 23, -1
15, -12, 28, -16, 254, -18, 49, -22, -13
-75, 0, 30, 15, 223, 19, 49, 3, -13
72, 6, 32, -24, 172, -2, 101, -49, -9
-25, -6, 17, 30, 122, -14, 110, -23, -14
-23, 30, -95, -48, -33, 18, 136, -18, -34
-37, -24, -52, 6, -150, -20, 184, 1, -7
-43, 51, -61, 11, -191, -3, 249, -29, -12
-69, 0, -37, -27, -105, 13, 323, -20, -34
-26, -38, 7, -63, -114, 55, 397, -4, -14
-10, 57, -16, -78, -131, 26, 465, -31, 7
27, -21, 27, -3, -151, -24, 485, -28, 13
24, -3, 71, 4, -158, -126, 418, -10, -9
58, 16, 150, 34, -130, -19, 272, -37, -9
-18, 32, 122, 5, -144, -7, 163, -44, -16
-3, 13, 78, -15, -9, -24, -23, -21, -43
-24, 3, 18, 18, -114, 62, -164, -8, -12
-42, -7, 42, -68, -113, -19, -311, -43, 7
26, -13, 29, -23, -81, -78, -314, -48, -2
40, -35, -4, -7, -25, 33, -406, -38, 2
12, -1, 2, -7, -84, -24, -456, -36, 27
-64, -65, -30, -42, -107, -2, -415, -36, -8
46, -34, 26, -66, -31, -43, -331, -40, 8
-5, -41, -36, 19, -42, -60, -286, -44, 14
19, 34, -50, -8, -80, -20, -210, -30, 4
-56, 4, 11, -24, -46, -5, -122, 1, 9
-70, -6, 4, 1, 14, -9, -98, -24, -4
-80, -46, 41, -51, -51, 11, -125, -32, 21
-118, -39, -49, -13, -33, -35, -96, 1, -7
-101, -28, 16, -14, -48, 10, -79, -12, -9
-117, -42, -46, -44, -2, -13, -58, -24, 0
-118, 51, 33, -17, -5, -24, -101, 7, -12
-46, 38, -41, 9, -51, -2, -77, -20, -2
-138, -16, -33, -31, -50, 36, -61, -8, 19
-82, 59, -31, -14, -12, 16, -48, -30, -4
-141, -29, 7, 38, -43, -49, -2, 13, 30
-76, -51, -13, 20, -10, -19, -41, 5, -23
-87, -6, -8, -8, -23, 50, -49, 4, -1
-114, 28, -43, 18, -38, 12, -15, -15, -6
-76, 121, 6, -39, 6, 13, -15, 1, 12
4, 94, -26, -78, 11, -50, -50, -23, 3
18, 89, 58, -38, -22, 10, -32, -43, 8
-11, 170, -18, -70, -1, 31, -55, -16, 7
-7, 211, 0, -83, 16, -29, -33, -19, 0
-6, 329, 27, -51, -29, 30, -13, -1, 15
10, 539, 12, 20, -30, 56, -23, -19, 22
91, 720, -61, -71, -61, 22, -37, 11, 12
35, 894, 18, -32, -39, 23, -18, -9, -22
-39, 1101, 42, -25, -27, -17, -32, 6, -5
-59, 980, -7, -9, -1, 20, -56, 3, -8
-60, 619, 38, -38, 17, -1, -56, 12, 3
-54, -99, -111, 15, 29, -23, 17, -14, -10
-26, -619, -48, -77, 24, 53, -32, 0, -20
-39, -948, -51, 36, 54, 43, -24, -54, -3
-42, -975, -8, 5, 116, -8, -45, -24, 5
9, -845, 39, -4, 27, -37, -32, 0, 15
1, -696, 9, 28, 40, 15, -20, -17, 1
-82, -438, -26, 16, 92, 17, -10, 0, -5
-55, -331, -111, -15, -67, 20, 7, -2, -9
45, -261, -32, -21, -29, -7, -44, 14, 9
-27, -150, 69, 8, -19, -26, 4, 22, -16
-31, -68, 62, -27, -15, -16, -5, -2, 12
-22, -101, 37, -18, -44, -4, -22, -36, -20
-69, -138, 10, -30, -13, 27, -20, 9, -19
-81, -24, -56, 29, 11, -20, -27, 23, 6
-49, -94, -63, 29, -33, -42, -16, 9, 0
-7, -89, -89, -72, -6, -24, -28, -23, 12
-47, 5, -10, -49, 5, -2, -1, -9, 24
17, -82, -6, -3, -65, -8, -15, -23, -13
-97, -9, -21, 6, -29, -21, -22, -19, 16
-10, -64, 34, -1, -26, -55, -56, -12, 31
-56, -16, -75, 54, -27, 20, -28, -1, -24
-85, -35, -81, 48, -20, 2, -25, -4, 1
-13, 23, -23, -9, -10, 38, -26, 19, 27
-14, -20, -60, -4, -72, -24, -26, -16, -10
-59, -63, -49, 2, -5, -3, 17, -3, 8
-59, 10, 14, -8, -29, -44, -14, 7, 10
-40, 21, 22, 2, -28, 12, -8, -35, -15
-78, 51, -52, 49, -71, 53, -16, -27, -6
-119, 80, 13, 53, -45, -12, -6, -23, 3
-82, 68, -16, -44, 0, 16, -24, -48, 5
-57, 48, -102, -5, 5, -17, -21, -48, -3
-26, -8, -41, -1, 17, -58, 3, -9, -1
-98, 62, -111, 34, 20, -2, -8, -14, 28
-85, 38, -7, 7, 3, -13, -8, -8, 0
-43, 26, 8, -10, -13, 39, -26, 11, -11
4, 84, 29, -10, -12, 19, 0, -6, -2
