3000, 3000, 3000, 3000, 3000, 3000, 3000, 3000, 3000
3298, 3270, 3234, 3275, 3327, 3257, 3265, 3291, 3210
3369, 3332, 3249, 3312, 3384, 3328, 3291, 3323, 3245
3412, 3332, 3231, 3354, 3386, 3345, 3291, 3307, 3192
3428, 3357, 3276, 3350, 3321, 3346, 3260, 3218, 3117
3456, 3407, 3343, 3335, 3285, 3375, 3195, 3164, 3046
3492, 3468, 3392, 3322, 3244, 3378, 3132, 3074, 2979
3526, 3564, 3421, 3316, 3180, 3396, 3080, 3007, 2946
3583, 3598, 3472, 3277, 3154, 3375, 2966, 2923, 2904
3616, 3690, 3489, 3227, 3125, 3325, 2858, 2829, 2818
3650, 3740, 3528, 3188, 3048, 3311, 2789, 2736, 2736
3633, 3783, 3531, 3125, 2986, 3256, 2692, 2658, 2673
3642, 3820, 3564, 3075, 2893, 3168, 2603, 2553, 2616
3612, 3846, 3605, 3014, 2819, 3106, 2479, 2471, 2572
3617, 3814, 3590, 2975, 2721, 3032, 2363, 2393, 2527
3557, 3753, 3588, 2897, 2651, 2950, 2235, 2309, 2482
3494, 3686, 3594, 2770, 2591, 2883, 2106, 2216, 2410
3487, 3621, 3573, 2690, 2530, 2810, 2038, 2096, 2330
3403, 3588, 3561, 2594, 2427, 2707, 1937, 1996, 2260
3215, 3525, 3517, 2496, 2319, 2615, 1849, 1888, 2160
3129, 3469, 3434, 2391, 2229, 2521, 1755, 1795, 2060
2989, 3382, 3391, 2281, 2122, 2420, 1648, 1686, 1979
2863, 3324, 3278, 2191, 2035, 2315, 1572, 1580, 1895
2769, 3164, 3201, 2114, 1948, 2237, 1490, 1513, 1807
2656, 3017, 3064, 2045, 1852, 2155, 1414, 1425, 1737
2550, 2907, 2997, 1921, 1774, 2072, 1348, 1368, 1656
2450, 2800, 2896, 1837, 1690, 1996, 1292, 1302, 1562
2313, 2693, 2785, 1744, 1612, 1917, 1207, 1218, 1508
2168, 2616, 2654, 1667, 1552, 1784, 1139, 1148, 1448
2024, 2508, 2602, 1585, 1482, 1688, 1090, 1071, 1388
1945, 2376, 2507, 1511, 1411, 1600, 1042, 1027, 1351
1819, 2229, 2410, 1432, 1344, 1525, 985, 971, 1290
1745, 2143, 2284, 1375, 1281, 1427, 1242, 1221, 1230
1655, 2073, 2160, 1335, 1221, 1339, 1206, 1175, 1178
1557, 1958, 2073, 1281, 1184, 1260, 1174, 1128, 1131
1476, 1832, 1937, 1227, 1140, 1198, 1150, 1075, 1096
1404, 1707, 1817, 1197, 1092, 1127, 1095, 1015, 1052
1309, 1611, 1720, 1144, 1040, 1046, 1043, 968, 1013
1236, 1540, 1627, 1103, 987, 1010, 997, 1132, 959
1189, 1423, 1549, 1070, 1276, 972, 1172, 1081, 1189
1132, 1309, 1480, 1014, 1258, 1276, 1144, 1028, 1174
1090, 1239, 1389, 1011, 1222, 1254, 1110, 986, 1137
1030, 1181, 1344, 987, 1179, 1206, 1049, 1082, 1108
974, 1083, 1264, 1271, 1127, 1144, 991, 1059, 1070
1596, 1021, 1184, 1281, 1073, 1113, 1091, 998, 1035
1603, 959, 1107, 1267, 1013, 1038, 1044, 1069, 991
1520, 1514, 1031, 1234, 979, 971, 1020, 1030, 1127
1418, 1469, 960, 1200, 1250, 1211, 980, 960, 1089
1378, 1374, 1520, 1158, 1233, 1172, 1076, 998, 1033
1295, 1287, 1517, 1109, 1206, 1114, 1029, 958, 990
1221, 1203, 1403, 1053, 1185, 1047, 952, 916, 1087
1154, 1105, 1305, 1004, 1124, 968, 1007, 901, 1022
1100, 1034, 1185, 970, 1029, 1137, 969, 869, 958
1044, 969, 1087, 1261, 960, 1056, 1001, 838, 1019
1015, 1548, 1027, 1287, 1177, 1000, 955, 804, 998
993, 1504, 984, 1289, 1141, 921, 978, 769, 1009
1653, 1409, 1541, 1255, 1088, 1063, 968, 725, 949
1667, 1267, 1458, 1213, 1021, 1016, 956, 720, 967
1561, 1148, 1366, 1181, 956, 936, 955, 687, 945
1513, 1061, 1260, 1143, 1139, 1022, 955, 665, 907
1463, 974, 1155, 1111, 1094, 946, 940, 637, 855
1383, 1556, 1066, 1090, 1043, 999, 938, 630, 829
1282, 1521, 1008, 1063, 975, 1038, 934, 618, 793
1223, 1431, 936, 1039, 1115, 969, 921, 618, 773
1173, 1336, 1500, 1013, 1080, 1016, 914, 614, 738
1120, 1243, 1474, 983, 1027, 943, 921, 594, 708
1055, 1182, 1417, 1274, 951, 977, 908, 582, 678
988, 1101, 1269, 1286, 1090, 1004, 917, 570, 639
1653, 1024, 1137, 1270, 1032, 936, 909, 555, 615
1709, 978, 1034, 1257, 975, 988, 910, 542, 567
1661, 1598, 937, 1215, 1088, 1004, 908, 537, 550
1597, 1589, 1482, 1202, 1034, 930, 898, 523, 528
1518, 1465, 1450, 1162, 979, 970, 895, 515, 504
1433, 1346, 1341, 1130, 1087, 987, 890, 506, 488
1388, 1272, 1239, 1083, 1042, 996, 885, 497, 475
1325, 1206, 1151, 1043, 980, 1007, 911, 484, 459
1273, 1126, 1064, 1010, 1079, 946, 928, 485, 430
1219, 1054, 988, 979, 1026, 964, 915, 476, 427
1154, 994, 1543, 1322, 968, 956, 910, 476, 398
1134, 1582, 1508, 1344, 1068, 963, 919, 470, 399
1123, 1578, 1352, 1335, 1007, 979, 945, 465, 387
1096, 1489, 1234, 1305, 946, 990, 969, 465, 372
1035, 1393, 1103, 1283, 1076, 1010, 975, 463, 365
998, 1355, 983, 1275, 1047, 923, 989, 461, 353
1715, 1238, 1547, 1258, 1001, 954, 990, 463, 336
1775, 1163, 1514, 1253, 962, 949, 1013, 454, 327
1751, 1114, 1375, 1226, 1128, 937, 995, 460, 319
1694, 1057, 1250, 1209, 1080, 917, 1044, 449, 306
1692, 1010, 1160, 1176, 1033, 906, 1015, 452, 292
1664, 970, 1055, 1134, 996, 906, 1003, 465, 290
1646, 1645, 978, 1128, 1174, 901, 979, 477, 285
1604, 1698, 1566, 1101, 1160, 914, 1065, 488, 281
1551, 1638, 1512, 1089, 1113, 924, 1062, 492, 274
1535, 1601, 1394, 1087, 1090, 937, 1031, 491, 265
1533, 1567, 1281, 1080, 1039, 954, 1007, 481, 262
1526, 1498, 1223, 1049, 995, 954, 991, 482, 250
1523, 1444, 1142, 1028, 1175, 973, 1121, 476, 245
1488, 1392, 1039, 1018, 1143, 954, 1122, 484, 234
1478, 1336, 971, 1008, 1106, 960, 1109, 487, 230
1459, 1295, 1563, 1004, 1079, 957, 1103, 489, 235
1420, 1247, 1566, 994, 1054, 977, 1083, 487, 226
1410, 1207, 1476, 1372, 1021, 1002, 1083, 486, 227
1415, 1185, 1370, 1416, 990, 942, 1051, 488, 229
1404, 1171, 1251, 1425, 1228, 971, 1032, 503, 230
1406, 1157, 1179, 1438, 1235, 1005, 1003, 507, 231
1410, 1136, 1089, 1457, 1233, 950, 992, 512, 232
1387, 1119, 1028, 1445, 1199, 1003, 1225, 526, 236
1378, 1068, 959, 1428, 1166, 949, 1256, 541, 244
1375, 1025, 1585, 1402, 1132, 1024, 1257, 558, 246
1362, 995, 1571, 1398, 1105, 977, 1257, 570, 249
1356, 1734, 1478, 1400, 1088, 1052, 1259, 570, 244
1331, 1792, 1412, 1400, 1070, 1026, 1256, 586, 237
1343, 1741, 1363, 1387, 1051, 992, 1256, 609, 251
1328, 1700, 1267, 1377, 1007, 1093, 1259, 623, 256
1326, 1667, 1216, 1384, 980, 1031, 1259, 643, 260
1330, 1655, 1159, 1392, 1309, 988, 1260, 661, 264
1336, 1650, 1119, 1399, 1361, 1107, 1252, 682, 258
1342, 1609, 1070, 1402, 1337, 1077, 1239, 698, 251
1366, 1616, 1016, 1415, 1334, 1030, 1243, 710, 260
1384, 1596, 965, 1428, 1303, 975, 1243, 747, 263
1395, 1578, 1612, 1448, 1268, 1117, 1243, 753, 270
1380, 1578, 1674, 1469, 1267, 1080, 1243, 770, 266
1396, 1544, 1636, 1459, 1259, 1037, 1246, 797, 273
1395, 1522, 1518, 1439, 1241, 996, 1267, 812, 277
1408, 1495, 1442, 1425, 1236, 1134, 1262, 840, 282
1408, 1496, 1354, 1430, 1222, 1113, 1259, 868, 283
1443, 1505, 1302, 1435, 1206, 1087, 1258, 892, 301
1450, 1475, 1255, 1432, 1197, 1048, 1257, 914, 296
1469, 1470, 1216, 1447, 1188, 1011, 1276, 943, 300
1485, 1484, 1195, 1476, 1198, 993, 1289, 958, 297
1470, 1499, 1153, 1469, 1193, 1220, 1294, 977, 299
1458, 1493, 1097, 1474, 1191, 1224, 1321, 995, 295
1439, 1506, 1064, 1484, 1162, 1202, 1345, 1025, 317
1439, 1515, 1041, 1492, 1147, 1176, 1362, 1017, 324
1444, 1477, 1010, 1508, 1111, 1141, 1377, 991, 330
1451, 1465, 998, 1516, 1110, 1100, 1383, 1070, 340
1458, 1457, 1712, 1511, 1097, 1073, 1395, 1068, 353
1470, 1471, 1776, 1512, 1068, 1036, 1408, 1075, 361
1509, 1481, 1708, 1531, 1072, 990, 1439, 1072, 366
1558, 1476, 1645, 1545, 1074, 1270, 1460, 1067, 374
1625, 1478, 1561, 1534, 1058, 1301, 1488, 1058, 376
1676, 1465, 1540, 1569, 1054, 1276, 1523, 1057, 383
1721, 1467, 1525, 1587, 1052, 1261, 1529, 1054, 390
1734, 1469, 1480, 1621, 1044, 1222, 1537, 1038, 397
1721, 1472, 1472, 1634, 1042, 1202, 1545, 1033, 400
1746, 1479, 1452, 1654, 1036, 1182, 1549, 1026, 417
1796, 1460, 1422, 1689, 1019, 1149, 1567, 1026, 437
1808, 1461, 1378, 1735, 1004, 1121, 1584, 1045, 445
1837, 1453, 1340, 1778, 1008, 1110, 1605, 1033, 452
1838, 1455, 1321, 1825, 1005, 1070, 1630, 1044, 475
1865, 1463, 1317, 1845, 1005, 1044, 1648, 1033, 488
1893, 1463, 1297, 1860, 1013, 1021, 1667, 1036, 513
1894, 1477, 1293, 1892, 1016, 1000, 1677, 1043, 522
1914, 1483, 1288, 1934, 998, 975, 1700, 1045, 539
1973, 1457, 1264, 1966, 1418, 1344, 1727, 1044, 549
2030, 1448, 1241, 2000, 1487, 1417, 1747, 1044, 561
2088, 1441, 1214, 2048, 1533, 1429, 1760, 1041, 573
2101, 1485, 1206, 2102, 1554, 1432, 1794, 1032, 594
2092, 1487, 1211, 2157, 1586, 1422, 1829, 1042, 608
2111, 1528, 1195, 2188, 1603, 1402, 1869, 1043, 630
2120, 1568, 1158, 2213, 1604, 1410, 1908, 1047, 644
2154, 1586, 1135, 2245, 1614, 1395, 1950, 1049, 661
2197, 1626, 1127, 2261, 1604, 1390, 1969, 1053, 673
2223, 1657, 1109, 2286, 1605, 1382, 2021, 1053, 692
2237, 1639, 1088, 2316, 1599, 1376, 2013, 1051, 707
2274, 1619, 1075, 2362, 1587, 1372, 2032, 1057, 724
2295, 1647, 1060, 2429, 1600, 1347, 2040, 1052, 741
2331, 1661, 1064, 2492, 1607, 1340, 2057, 1070, 766
2355, 1694, 1054, 2535, 1589, 1335, 2081, 1063, 783
2380, 1663, 1064, 2588, 1576, 1323, 2092, 1069, 803
2387, 1650, 1083, 2617, 1571, 1332, 2115, 1069, 827
2379, 1646, 1108, 2676, 1581, 1319, 2166, 1077, 841
2406, 1667, 1101, 2704, 1600, 1316, 2196, 1082, 865
2457, 1714, 1108, 2765, 1599, 1295, 2221, 1098, 903
2465, 1730, 1080, 2808, 1602, 1282, 2243, 1095, 922
2512, 1731, 1086, 2856, 1609, 1279, 2280, 1105, 948
2547, 1724, 1079, 2901, 1587, 1284, 2305, 1112, 971
2517, 1742, 1078, 2945, 1590, 1301, 2311, 1115, 984
2497, 1734, 1072, 3002, 1602, 1294, 2324, 1114, 1007
2526, 1719, 1042, 3049, 1603, 1289, 2357, 1117, 1008
2553, 1753, 1036, 3049, 1598, 1279, 2397, 1126, 998
2542, 1816, 1041, 3096, 1621, 1272, 2417, 1127, 1052
2553, 1823, 1029, 3117, 1631, 1264, 2451, 1129, 1062
2575, 1830, 1027, 3108, 1636, 1246, 2484, 1128, 1060
2594, 1835, 1001, 3086, 1659, 1234, 2501, 1121, 1049
2624, 1844, 1017, 3073, 1706, 1206, 2548, 1127, 1052
2638, 1854, 1040, 3055, 1729, 1210, 2612, 1133, 1041
2618, 1887, 1038, 3097, 1732, 1201, 2650, 1131, 1040
2638, 1883, 1053, 3112, 1766, 1219, 2680, 1138, 1047
2648, 1918, 1052, 3116, 1778, 1223, 2724, 1124, 1044
2669, 1983, 1048, 3160, 1772, 1213, 2744, 1121, 1054
2682, 1979, 1065, 3180, 1801, 1197, 2777, 1134, 1044
2725, 1997, 1075, 3204, 1827, 1188, 2785, 1143, 1042
2776, 1990, 1073, 3205, 1822, 1195, 2790, 1145, 1031
2871, 1995, 1065, 3227, 1819, 1198, 2822, 1159, 1032
2904, 2019, 1091, 3218, 1837, 1209, 2836, 1163, 1033
2921, 2016, 1125, 3235, 1830, 1223, 2854, 1183, 1051
2954, 2051, 1107, 3260, 1819, 1209, 2869, 1188, 1049
2972, 2062, 1100, 3298, 1839, 1188, 2894, 1192, 1047
3027, 2072, 1125, 3317, 1857, 1165, 2938, 1208, 1039
3091, 2089, 1131, 3327, 1869, 1170, 2985, 1228, 1037
3176, 2137, 1149, 3341, 1902, 1184, 3002, 1242, 1035
3204, 2176, 1153, 3348, 1913, 1195, 2995, 1255, 1031
3241, 2177, 1131, 3338, 1935, 1208, 3000, 1265, 1026
3241, 2188, 1128, 3361, 1924, 1210, 3038, 1298, 1013
3266, 2227, 1135, 3363, 1934, 1211, 3032, 1339, 991
3315, 2270, 1123, 3384, 1966, 1216, 3062, 1345, 1186
3333, 2344, 1123, 3364, 1985, 1203, 3081, 1377, 1189
3366, 2378, 1126, 3352, 1978, 1206, 3127, 1393, 1195
3328, 2422, 1121, 3362, 1991, 1197, 3193, 1405, 1185
3322, 2427, 1111, 3369, 2034, 1191, 3217, 1425, 1196
3371, 2445, 1124, 3379, 2036, 1211, 3273, 1445, 1198
3361, 2498, 1139, 3390, 2059, 1221, 3305, 1464, 1216
3306, 2532, 1120, 3377, 2092, 1209, 3324, 1480, 1200
3321, 2567, 1104, 3431, 2131, 1196, 3352, 1477, 1180
3341, 2577, 1084, 3446, 2176, 1171, 3369, 1483, 1175
3326, 2608, 1072, 3468, 2203, 1171, 3415, 1486, 1178
3371, 2677, 1069, 3485, 2201, 1167, 3455, 1497, 1183
3373, 2708, 1053, 3502, 2208, 1175, 3487, 1509, 1175
3344, 2741, 1041, 3522, 2243, 1166, 3495, 1516, 1185
3333, 2751, 1015, 3571, 2272, 1156, 3533, 1527, 1179
3318, 2796, 1022, 3574, 2307, 1150, 3555, 1530, 1169
3315, 2785, 1028, 3612, 2298, 1150, 3578, 1552, 1156
3394, 2837, 1029, 3645, 2332, 1149, 3601, 1565, 1155
3445, 2893, 1041, 3687, 2349, 1139, 3635, 1569, 1163
3494, 2896, 1057, 3704, 2395, 1131, 3642, 1573, 1145
3521, 2903, 1060, 3710, 2413, 1133, 3708, 1575, 1130
3547, 2902, 1059, 3752, 2463, 1138, 3744, 1605, 1113
3523, 2950, 1093, 3740, 2496, 1145, 3747, 1645, 1108
3596, 2995, 1111, 3730, 2561, 1171, 3767, 1686, 1103
3605, 3019, 1129, 3692, 2578, 1180, 3798, 1719, 1101
3611, 3037, 1149, 3709, 2629, 1205, 3836, 1751, 1103
3629, 3028, 1159, 3725, 2644, 1223, 3870, 1769, 1106
3621, 3054, 1161, 3751, 2674, 1237, 3919, 1804, 1101
3687, 3050, 1178, 3770, 2694, 1237, 3967, 1817, 1096
3733, 3075, 1171, 3773, 2693, 1241, 4014, 1832, 1099
3762, 3101, 1196, 3769, 2713, 1269, 4055, 1864, 1092
3828, 3132, 1227, 3810, 2737, 1263, 4105, 1889, 1093
3938, 3147, 1238, 3823, 2781, 1244, 4159, 1910, 1092
4024, 3208, 1247, 3822, 2771, 1245, 4198, 1946, 1075
4066, 3284, 1263, 3781, 2806, 1232, 4229, 1970, 1072
4078, 3409, 1301, 3767, 2823, 1238, 4274, 1992, 1077
4160, 3473, 1323, 3807, 2850, 1242, 4339, 2002, 1073
4172, 3510, 1355, 3805, 2864, 1256, 4375, 2042, 1077
4159, 3557, 1376, 3816, 2904, 1257, 4424, 2059, 1072
4107, 3594, 1397, 3824, 2921, 1263, 4513, 2099, 1082
4113, 3628, 1425, 3819, 2920, 1252, 4538, 2120, 1100
4158, 3705, 1442, 3887, 2987, 1251, 4546, 2156, 1093
4152, 3721, 1422, 3877, 3006, 1256, 4578, 2193, 1098
4198, 3724, 1444, 3883, 3021, 1258, 4588, 2234, 1101
4226, 3778, 1460, 3919, 3091, 1252, 4659, 2239, 1102
4247, 3847, 1446, 3918, 3152, 1258, 4704, 2265, 1103
4304, 3951, 1463, 3922, 3187, 1247, 4738, 2299, 1117
4373, 4034, 1475, 3899, 3213, 1260, 4780, 2341, 1114
4379, 4058, 1478, 3937, 3235, 1249, 4819, 2395, 1119
4399, 4085, 1451, 3962, 3264, 1272, 4857, 2438, 1106
4396, 4138, 1465, 3962, 3318, 1272, 4932, 2470, 1109
4408, 4201, 1509, 3950, 3334, 1278, 4993, 2488, 1123
4416, 4313, 1506, 3949, 3361, 1280, 5060, 2533, 1128
4440, 4373, 1516, 3952, 3385, 1285, 5116, 2578, 1115
4439, 4370, 1532, 4015, 3416, 1281, 5156, 2572, 1114
4504, 4404, 1534, 4046, 3424, 1264, 5213, 2585, 1110
4517, 4410, 1565, 4018, 3488, 1253, 5255, 2599, 1104
4559, 4465, 1555, 4019, 3520, 1290, 5291, 2627, 1110
4589, 4478, 1550, 4008, 3559, 1290, 5279, 2679, 1103
4614, 4442, 1549, 4038, 3582, 1310, 5355, 2701, 1082
4595, 4415, 1578, 4057, 3623, 1330, 5361, 2730, 1069
4643, 4489, 1585, 4048, 3665, 1339, 5398, 2758, 1068
4695, 4596, 1592, 4080, 3673, 1341, 5478, 2791, 1047
4764, 4604, 1628, 4111, 3700, 1348, 5544, 2840, 1046
4835, 4612, 1625, 4135, 3724, 1354, 5596, 2854, 1055
4837, 4677, 1653, 4138, 3776, 1340, 5663, 2885, 1050
4864, 4727, 1654, 4176, 3758, 1324, 5733, 2920, 1037
4877, 4764, 1659, 4184, 3788, 1300, 5717, 2928, 1044
4903, 4787, 1678, 4234, 3839, 1289, 5831, 2938, 1038
4910, 4840, 1715, 4260, 3874, 1276, 5853, 2943, 1060
4913, 4869, 1794, 4285, 3888, 1297, 5860, 2947, 1058
4939, 5016, 1857, 4261, 3916, 1305, 5899, 2952, 1066
4997, 5064, 1865, 4266, 3942, 1304, 5942, 2962, 1061
5062, 5126, 1889, 4282, 3966, 1297, 5984, 2983, 1070
5100, 5123, 1902, 4301, 4009, 1309, 6058, 3025, 1053
5157, 5206, 1937, 4323, 4042, 1309, 6077, 3045, 1063
5247, 5305, 1980, 4336, 4046, 1323, 6111, 3069, 1075
5298, 5359, 1958, 4308, 4099, 1339, 6110, 3087, 1074
5281, 5408, 1957, 4322, 4115, 1346, 6105, 3109, 1079
5247, 5450, 1956, 4331, 4131, 1334, 6157, 3142, 1084
5275, 5554, 1939, 4331, 4180, 1341, 6158, 3140, 1099
5288, 5625, 1954, 4341, 4210, 1367, 6192, 3155, 1115
5282, 5711, 1965, 4351, 4265, 1363, 6172, 3163, 1121
5263, 5806, 2001, 4363, 4306, 1365, 6212, 3183, 1150
5226, 5836, 1980, 4400, 4321, 1380, 6241, 3208, 1153
5300, 5896, 1975, 4403, 4368, 1418, 6305, 3209, 1154
5329, 5903, 2003, 4440, 4415, 1411, 6335, 3220, 1172
5330, 5973, 2023, 4485, 4476, 1430, 6352, 3216, 1190
5340, 5972, 2044, 4539, 4540, 1426, 6413, 3217, 1201
5359, 6010, 2041, 4554, 4578, 1458, 6426, 3225, 1199
5444, 6053, 2028, 4583, 4594, 1464, 6490, 3233, 1218
5461, 6111, 2000, 4630, 4610, 1480, 6538, 3225, 1226
5514, 6165, 2012, 4652, 4624, 1505, 6558, 3225, 1227
5614, 6262, 2011, 4682, 4638, 1531, 6586, 3236, 1238
5674, 6302, 2032, 4728, 4639, 1551, 6679, 3264, 1261
5805, 6373, 2069, 4722, 4636, 1567, 6726, 3259, 1276
5927, 6448, 2064, 4744, 4701, 1598, 6772, 3255, 1294
6037, 6450, 2109, 4780, 4698, 1609, 6804, 3276, 1294
6052, 6470, 2114, 4840, 4732, 1604, 6847, 3266, 1287
6133, 6523, 2180, 4832, 4754, 1600, 6861, 3288, 1307
6248, 6596, 2235, 4860, 4792, 1606, 6873, 3284, 1321
6305, 6660, 2280, 4902, 4825, 1610, 6908, 3319, 1324
6345, 6719, 2304, 4934, 4893, 1603, 6915, 3320, 1326
6345, 6831, 2319, 4950, 4903, 1596, 6944, 3343, 1320
6349, 6864, 2324, 4966, 4918, 1612, 6971, 3372, 1325
6360, 6931, 2360, 4991, 5000, 1631, 6966, 3371, 1323
6299, 7074, 2398, 5020, 5029, 1651, 6989, 3390, 1317
6310, 7158, 2426, 5062, 5049, 1689, 6985, 3418, 1315
6359, 7224, 2433, 5080, 5073, 1702, 7026, 3446, 1314
6325, 7267, 2383, 5121, 5125, 1707, 7012, 3450, 1309
6322, 7316, 2346, 5151, 5150, 1747, 7055, 3503, 1315
6354, 7439, 2320, 5222, 5169, 1764, 7128, 3539, 1309
6339, 7491, 2311, 5273, 5224, 1777, 7196, 3583, 1328
6398, 7498, 2318, 5309, 5232, 1788, 7237, 3627, 1319
6398, 7491, 2303, 5383, 5264, 1804, 7254, 3644, 1321
6400, 7503, 2320, 5406, 5313, 1823, 7317, 3677, 1337
6448, 7475, 2343, 5468, 5275, 1819, 7367, 3730, 1343
6468, 7535, 2376, 5431, 5294, 1845, 7411, 3787, 1354
6508, 7576, 2445, 5464, 5293, 1865, 7459, 3826, 1369
6585, 7616, 2443, 5508, 5284, 1872, 7466, 3900, 1369
6697, 7614, 2517, 5525, 5288, 1885, 7457, 3960, 1382
6767, 7678, 2540, 5558, 5320, 1904, 7479, 3979, 1379
6811, 7699, 2575, 5614, 5333, 1937, 7502, 4039, 1391
6872, 7725, 2529, 5670, 5384, 1964, 7538, 4051, 1406
6936, 7739, 2592, 5722, 5429, 1970, 7526, 4104, 1410
6935, 7818, 2624, 5721, 5465, 1994, 7556, 4182, 1410
6927, 7905, 2584, 5730, 5467, 2006, 7521, 4218, 1402
6987, 7954, 2553, 5735, 5429, 2044, 7561, 4282, 1394
7059, 7955, 2536, 5728, 5461, 2049, 7555, 4342, 1397
7033, 7954, 2543, 5810, 5538, 2068, 7536, 4347, 1398
7064, 7855, 2592, 5817, 5543, 2116, 7545, 4385, 1389
7054, 7833, 2649, 5815, 5579, 2144, 7560, 4413, 1393
7066, 7752, 2678, 5792, 5612, 2152, 7603, 4443, 1384
7136, 7794, 2658, 5840, 5612, 2170, 7645, 4476, 1381
7213, 7781, 2647, 5842, 5624, 2189, 7672, 4466, 1385
7248, 7880, 2607, 5855, 5635, 2196, 7641, 4509, 1392
7257, 7921, 2590, 5890, 5675, 2188, 7669, 4557, 1392
7286, 8007, 2575, 5930, 5699, 2183, 7718, 4577, 1380
7310, 8069, 2582, 5896, 5723, 2201, 7735, 4606, 1378
7348, 8102, 2562, 5851, 5738, 2235, 7781, 4641, 1390
7359, 8126, 2566, 5841, 5799, 2259, 7826, 4675, 1369
7381, 8155, 2601, 5863, 5807, 2282, 7842, 4713, 1380
7425, 8136, 2594, 5935, 5841, 2321, 7852, 4727, 1367
7447, 8075, 2639, 5974, 5883, 2329, 7880, 4761, 1387
7496, 8104, 2692, 5992, 5922, 2342, 7943, 4782, 1391
7473, 8144, 2766, 6041, 5896, 2373, 7978, 4822, 1407
7544, 8174, 2753, 6080, 5889, 2392, 8023, 4899, 1417
7533, 8173, 2754, 6123, 5911, 2410, 8011, 4961, 1419
7505, 8231, 2745, 6113, 5964, 2376, 8034, 5021, 1411
7520, 8253, 2720, 6161, 5980, 2393, 8034, 5044, 1405
7614, 8300, 2699, 6184, 5960, 2438, 8028, 5081, 1412
7652, 8354, 2664, 6185, 5974, 2439, 8029, 5090, 1402
7623, 8350, 2654, 6189, 6021, 2464, 8017, 5129, 1405
7658, 8445, 2640, 6210, 6022, 2488, 7983, 5170, 1398
7736, 8473, 2643, 6235, 6001, 2521, 7951, 5197, 1393
7798, 8437, 2639, 6291, 6063, 2537, 7873, 5249, 1400
7930, 8416, 2636, 6324, 6115, 2550, 7899, 5276, 1407
8033, 8468, 2657, 6317, 6119, 2556, 7928, 5338, 1407
8123, 8597, 2655, 6382, 6111, 2575, 7876, 5377, 1422
8168, 8633, 2668, 6382, 6081, 2583, 7801, 5420, 1434
8189, 8756, 2698, 6365, 6099, 2620, 7787, 5493, 1432
8255, 8886, 2705, 6401, 6116, 2649, 7808, 5530, 1430
8286, 8906, 2759, 6426, 6193, 2693, 7836, 5600, 1414
8306, 8878, 2815, 6470, 6204, 2732, 7815, 5624, 1410
8289, 8876, 2871, 6480, 6198, 2790, 7787, 5647, 1413
8336, 8829, 2893, 6522, 6230, 2804, 7805, 5696, 1401
8279, 8783, 2885, 6541, 6232, 2862, 7851, 5770, 1421
8298, 8769, 2895, 6500, 6190, 2882, 7838, 5837, 1433
8255, 8748, 2882, 6471, 6208, 2915, 7841, 5914, 1429
8230, 8708, 2837, 6479, 6251, 2927, 7857, 5973, 1450
8255, 8726, 2899, 6539, 6264, 2966, 7850, 6045, 1460
8330, 8792, 2910, 6572, 6250, 3005, 7875, 6105, 1479
8395, 8793, 2954, 6643, 6243, 3049, 7924, 6149, 1481
8458, 8817, 3009, 6720, 6218, 3061, 7929, 6232, 1472
8484, 8932, 3074, 6770, 6245, 3082, 7943, 6299, 1472
8443, 9037, 3064, 6888, 6220, 3113, 7953, 6389, 1476
8413, 9009, 3112, 6949, 6254, 3177, 7945, 6434, 1484
8477, 9018, 3083, 7001, 6234, 3202, 7969, 6453, 1499
8430, 9037, 3117, 6986, 6229, 3235, 7980, 6441, 1519
8452, 9114, 3086, 7049, 6271, 3265, 7990, 6444, 1536
8400, 9166, 3041, 7075, 6245, 3277, 8048, 6458, 1554
8434, 9201, 3052, 7071, 6259, 3276, 8075, 6400, 1557
8457, 9302, 3108, 7095, 6224, 3281, 8070, 6378, 1582
8410, 9342, 3132, 7108, 6221, 3329, 8144, 6363, 1608
8382, 9268, 3116, 7124, 6194, 3379, 8191, 6346, 1635
8386, 9346, 3114, 7179, 6193, 3413, 8195, 6332, 1663
8489, 9339, 3163, 7171, 6179, 3426, 8245, 6294, 1689
8465, 9380, 3147, 7155, 6188, 3431, 8218, 6280, 1700
8451, 9331, 3137, 7212, 6210, 3458, 8215, 6262, 1722
8500, 9300, 3181, 7218, 6215, 3512, 8316, 6250, 1744
8538, 9283, 3213, 7223, 6192, 3553, 8394, 6223, 1754
8595, 9252, 3228, 7219, 6206, 3575, 8474, 6214, 1768
8606, 9241, 3292, 7234, 6261, 3596, 8473, 6205, 1767
8672, 9204, 3287, 7223, 6351, 3616, 8435, 6222, 1778
8710, 9180, 3312, 7260, 6402, 3623, 8504, 6248, 1792
8791, 9140, 3394, 7292, 6441, 3632, 8485, 6269, 1806
8872, 9151, 3362, 7289, 6436, 3671, 8437, 6278, 1841
8978, 9206, 3431, 7265, 6435, 3718, 8439, 6298, 1841
9073, 9176, 3430, 7245, 6371, 3762, 8443, 6296, 1837
9198, 9121, 3426, 7290, 6283, 3787, 8411, 6288, 1845
9222, 9229, 3434, 7355, 6194, 3840, 8354, 6273, 1860
9272, 9412, 3449, 7361, 6162, 3856, 8386, 6252, 1892
9304, 9499, 3435, 7374, 6122, 3892, 8416, 6193, 1926
9344, 9639, 3418, 7426, 6106, 3928, 8388, 6152, 1944
9336, 9705, 3427, 7451, 6094, 3923, 8347, 6111, 1976
9396, 9708, 3471, 7459, 6083, 3934, 8294, 6055, 1990
9478, 9732, 3449, 7484, 6047, 3894, 8287, 6020, 2028
9489, 9815, 3449, 7554, 5975, 3871, 8256, 5993, 2034
9528, 9846, 3403, 7585, 5992, 3822, 8208, 5953, 2031
9622, 9778, 3386, 7655, 5986, 3825, 8191, 5970, 2038
9646, 9779, 3325, 7667, 5979, 3797, 8179, 5993, 2045
9687, 9941, 3365, 7746, 6024, 3792, 8190, 5984, 2079
9748, 9962, 3350, 7790, 6017, 3828, 8147, 6005, 2110
9832, 10035, 3326, 7848, 6016, 3851, 8096, 5972, 2109
9845, 10140, 3316, 7850, 6004, 3832, 8111, 5996, 2107
9853, 10221, 3304, 7920, 6021, 3810, 8042, 5992, 2112
9928, 10204, 3256, 7944, 6052, 3829, 8051, 6008, 2121
9945, 10260, 3331, 8020, 6056, 3812, 8032, 6012, 2147
9919, 10251, 3297, 7992, 6047, 3808, 8019, 6025, 2187
9931, 10186, 3298, 7956, 6044, 3821, 7989, 6004, 2226
10022, 10110, 3354, 7965, 6000, 3821, 7919, 5988, 2252
10021, 10146, 3412, 7904, 6023, 3855, 7874, 5982, 2292
9936, 10187, 3451, 7890, 6007, 3913, 7838, 5937, 2341
9903, 10203, 3524, 7817, 6039, 3995, 7810, 5950, 2363
9908, 10212, 3479, 7821, 6015, 4033, 7725, 5952, 2388
9936, 10245, 3466, 7791, 6007, 4094, 7664, 5976, 2436
9948, 10118, 3433, 7823, 5976, 4153, 7591, 5988, 2486
9923, 10132, 3427, 7780, 5923, 4199, 7541, 5966, 2482
9842, 10112, 3386, 7709, 5960, 4247, 7478, 5960, 2525
9749, 10066, 3384, 7696, 5970, 4269, 7486, 5928, 2544
9671, 10161, 3375, 7714, 5974, 4286, 7417, 5924, 2577
9652, 10129, 3436, 7699, 5993, 4303, 7374, 5961, 2630
9671, 10126, 3475, 7715, 5989, 4327, 7332, 5976, 2678
9643, 10135, 3595, 7717, 5944, 4306, 7297, 6007, 2688
9583, 10214, 3616, 7677, 5976, 4310, 7247, 6028, 2731
9546, 10252, 3644, 7636, 5986, 4329, 7213, 6044, 2758
9564, 10225, 3657, 7631, 5970, 4298, 7212, 6054, 2773
9606, 10288, 3696, 7574, 5940, 4289, 7162, 6063, 2792
9568, 10265, 3725, 7463, 5937, 4314, 7137, 6076, 2817
9550, 10285, 3746, 7397, 5894, 4325, 7098, 6056, 2858
9613, 10340, 3768, 7364, 5872, 4366, 7043, 6045, 2862
9561, 10403, 3850, 7340, 5856, 4354, 6991, 6010, 2895
9503, 10439, 3905, 7311, 5802, 4356, 6973, 6037, 2885
9370, 10433, 3861, 7333, 5754, 4366, 6943, 5994, 2898
9302, 10470, 3897, 7379, 5734, 4363, 6915, 5977, 2899
9237, 10397, 3892, 7342, 5722, 4390, 6874, 5996, 2911
9165, 10389, 3884, 7329, 5672, 4402, 6847, 5991, 2923
9188, 10398, 3925, 7258, 5648, 4421, 6809, 5999, 2951
9179, 10339, 3991, 7237, 5615, 4423, 6773, 6019, 2957
9126, 10319, 4029, 7164, 5619, 4485, 6726, 6006, 2964
9002, 10285, 4010, 7209, 5617, 4535, 6701, 5994, 2994
8996, 10218, 4045, 7214, 5615, 4515, 6682, 5983, 2988
8989, 10238, 4018, 7131, 5578, 4499, 6643, 5965, 2988
8974, 10173, 4082, 7097, 5540, 4505, 6597, 5920, 3002
9011, 10230, 4041, 7084, 5498, 4532, 6570, 5902, 3026
9016, 10145, 4017, 7090, 5471, 4568, 6597, 5919, 3027
8987, 10178, 3957, 7040, 5479, 4626, 6566, 5872, 3066
8883, 10333, 3979, 6993, 5499, 4611, 6522, 5855, 3083
8848, 10392, 3965, 6976, 5548, 4657, 6519, 5852, 3078
8814, 10497, 3969, 6959, 5545, 4671, 6490, 5828, 3097
8867, 10593, 3976, 6949, 5540, 4670, 6449, 5843, 3118
8955, 10743, 3971, 6930, 5529, 4664, 6408, 5772, 3112
8865, 10883, 3970, 6946, 5488, 4671, 6396, 5750, 3124
8751, 10945, 3953, 6939, 5406, 4676, 6368, 5746, 3178
8734, 11016, 3987, 6896, 5405, 4640, 6358, 5711, 3210
8776, 10928, 4020, 6821, 5371, 4633, 6391, 5706, 3240
8696, 10946, 4045, 6789, 5312, 4682, 6326, 5695, 3227
8694, 10845, 4039, 6783, 5259, 4671, 6282, 5642, 3240
8669, 10629, 4064, 6709, 5197, 4662, 6262, 5628, 3299
8657, 10541, 4092, 6682, 5170, 4647, 6279, 5602, 3297
8666, 10310, 4146, 6634, 5128, 4693, 6239, 5576, 3306
8677, 10156, 4191, 6617, 5099, 4655, 6204, 5546, 3298
8604, 10073, 4232, 6566, 5101, 4647, 6109, 5529, 3316
8581, 9970, 4225, 6539, 5089, 4651, 6064, 5484, 3325
8570, 9825, 4281, 6468, 5078, 4702, 5986, 5467, 3339
8563, 9696, 4305, 6395, 5088, 4745, 5915, 5507, 3372
8540, 9620, 4333, 6325, 5024, 4725, 5893, 5524, 3398
8491, 9577, 4354, 6270, 4976, 4716, 5873, 5513, 3416
8470, 9494, 4343, 6287, 4986, 4709, 5842, 5498, 3437
8510, 9504, 4357, 6283, 4972, 4701, 5815, 5497, 3460
8531, 9574, 4425, 6209, 4938, 4684, 5757, 5495, 3463
8602, 9557, 4430, 6172, 4913, 4676, 5710, 5460, 3470
8597, 9626, 4451, 6132, 4900, 4695, 5609, 5435, 3486
8565, 9573, 4450, 6086, 4861, 4688, 5629, 5432, 3510
8595, 9457, 4501, 6058, 4865, 4697, 5624, 5426, 3511
8512, 9401, 4511, 6019, 4900, 4672, 5609, 5401, 3526
8475, 9311, 4558, 5962, 4900, 4662, 5587, 5395, 3539
8404, 9143, 4630, 5961, 4888, 4643, 5593, 5392, 3555
8358, 9066, 4668, 5941, 4886, 4673, 5558, 5384, 3536
8319, 8998, 4632, 5941, 4917, 4661, 5547, 5376, 3551
8318, 9083, 4679, 5867, 4936, 4679, 5536, 5355, 3553
8207, 9164, 4682, 5864, 4942, 4724, 5486, 5316, 3563
8126, 9057, 4656, 5876, 4963, 4767, 5476, 5292, 3590
8091, 8943, 4677, 5894, 4933, 4798, 5446, 5263, 3582
8051, 8970, 4703, 5851, 4974, 4863, 5434, 5255, 3585
8013, 8960, 4683, 5864, 4977, 4899, 5378, 5241, 3596
8004, 8939, 4688, 5867, 5001, 4919, 5370, 5253, 3599
8015, 8953, 4675, 5840, 4993, 4918, 5331, 5284, 3650
8002, 8866, 4728, 5838, 4939, 4922, 5334, 5280, 3686
8016, 8824, 4752, 5803, 4886, 4916, 5305, 5272, 3699
7965, 8861, 4714, 5778, 4790, 4961, 5240, 5250, 3713
7889, 8796, 4705, 5715, 4761, 4968, 5190, 5255, 3721
7879, 8717, 4774, 5649, 4699, 4981, 5141, 5257, 3704
7913, 8674, 4767, 5630, 4650, 5028, 5098, 5291, 3728
7942, 8576, 4855, 5600, 4589, 5022, 5021, 5288, 3716
7970, 8507, 4930, 5568, 4492, 5013, 4969, 5290, 3731
7951, 8421, 4924, 5515, 4415, 5038, 4920, 5248, 3693
7950, 8440, 4985, 5497, 4379, 5107, 4908, 5256, 3700
7962, 8444, 4957, 5450, 4403, 5183, 4855, 5243, 3702
7918, 8408, 4983, 5403, 4311, 5213, 4848, 5212, 3704
7916, 8411, 5059, 5361, 4264, 5279, 4834, 5174, 3741
7841, 8340, 5128, 5346, 4275, 5362, 4773, 5118, 3744
7805, 8285, 5249, 5304, 4263, 5466, 4725, 5087, 3717
7766, 8227, 5391, 5258, 4225, 5475, 4669, 5055, 3720
7741, 8148, 5590, 5239, 4164, 5477, 4637, 5043, 3717
7743, 8137, 5792, 5183, 4150, 5525, 4584, 5008, 3720
7678, 8122, 6024, 5168, 4102, 5537, 4543, 4977, 3725
7547, 8095, 6160, 5169, 4056, 5499, 4527, 4961, 3743
7547, 8030, 6181, 5144, 4082, 5464, 4512, 4921, 3773
7549, 7969, 6249, 5131, 4072, 5490, 4472, 4906, 3787
7592, 7935, 6159, 5141, 4067, 5540, 4439, 4908, 3776
7592, 7872, 6060, 5106, 4086, 5553, 4426, 4879, 3772
7515, 7741, 6013, 5095, 4050, 5576, 4391, 4895, 3805
7460, 7706, 5981, 5052, 4079, 5532, 4371, 4873, 3800
7398, 7698, 5961, 5067, 3998, 5515, 4330, 4855, 3820
7410, 7701, 5972, 5047, 3984, 5477, 4309, 4848, 3808
7456, 7634, 6023, 4988, 3974, 5415, 4299, 4800, 3857
7514, 7515, 5995, 4937, 3984, 5356, 4301, 4729, 3875
7551, 7446, 5987, 4928, 3922, 5324, 4276, 4681, 3882
7678, 7423, 6024, 4902, 3893, 5279, 4241, 4639, 3897
7712, 7357, 5993, 4887, 3905, 5220, 4194, 4615, 3864
7765, 7283, 5927, 4857, 3954, 5234, 4124, 4620, 3858
7793, 7138, 5902, 4809, 3945, 5200, 4109, 4602, 3874
7920, 7001, 5864, 4793, 3941, 5182, 4069, 4553, 3845
8127, 7035, 5872, 4770, 3901, 5137, 4046, 4520, 3836
8418, 6989, 5865, 4764, 3872, 5149, 4019, 4481, 3863
8607, 6975, 5938, 4694, 3834, 5132, 3986, 4431, 3876
8911, 6989, 5961, 4680, 3827, 5147, 3985, 4404, 3869
9066, 6893, 5976, 4658, 3805, 5143, 3914, 4364, 3856
9083, 6820, 5930, 4642, 3823, 5172, 3879, 4345, 3845
9051, 6736, 5890, 4656, 3809, 5187, 3854, 4300, 3866
8948, 6621, 5963, 4655, 3784, 5219, 3833, 4252, 3888
8744, 6501, 5971, 4651, 3796, 5236, 3816, 4254, 3907
8449, 6355, 6037, 4613, 3806, 5253, 3744, 4223, 3915
8329, 6343, 6153, 4549, 3766, 5250, 3691, 4196, 3923
8231, 6342, 6215, 4556, 3771, 5232, 3630, 4182, 3944
8057, 6353, 6268, 4555, 3823, 5199, 3599, 4165, 3945
7903, 6280, 6435, 4530, 3890, 5197, 3573, 4126, 3922
7676, 6202, 6480, 4528, 3919, 5205, 3531, 4102, 3942
7634, 6122, 6445, 4504, 3994, 5189, 3488, 4073, 3935
7586, 6074, 6434, 4462, 4029, 5150, 3474, 4061, 3933
7437, 5988, 6473, 4404, 4040, 5143, 3452, 4051, 3952
7272, 5915, 6478, 4394, 4062, 5144, 3382, 4038, 3945
7176, 5893, 6346, 4402, 4061, 5152, 3348, 4025, 3985
7075, 5879, 6234, 4357, 4054, 5118, 3299, 3953, 3972
6991, 5838, 6170, 4355, 4021, 5088, 3259, 3926, 4006
6771, 5803, 6168, 4336, 3991, 5123, 3221, 3946, 4031
6640, 5788, 6110, 4292, 3971, 5085, 3207, 3928, 4056
6598, 5761, 6132, 4290, 3926, 5059, 3202, 3872, 4049
6466, 5705, 6156, 4317, 3911, 5079, 3185, 3824, 4052
6342, 5648, 6131, 4339, 3907, 5038, 3137, 3794, 4070
6359, 5601, 6173, 4327, 3873, 5038, 3111, 3774, 4055
6251, 5563, 6206, 4262, 3835, 5009, 3055, 3728, 4046
6194, 5530, 6239, 4212, 3822, 5019, 3012, 3690, 4061
6189, 5496, 6304, 4160, 3801, 5036, 2942, 3647, 4059
6204, 5478, 6353, 4114, 3804, 4989, 2908, 3639, 4066
6263, 5571, 6311, 4063, 3793, 5037, 2869, 3629, 4085
6347, 5576, 6283, 4076, 3790, 5013, 2858, 3583, 4090
6317, 5569, 6253, 4102, 3799, 4917, 2854, 3534, 4084
6354, 5511, 6198, 4083, 3777, 4870, 2827, 3534, 4097
6326, 5452, 6250, 4038, 3734, 4855, 2782, 3486, 4084
6275, 5440, 6319, 4042, 3747, 4794, 2736, 3487, 4084
6324, 5458, 6344, 4001, 3691, 4838, 2712, 3447, 4087
6314, 5374, 6316, 3983, 3673, 4822, 2716, 3432, 4064
6327, 5307, 6368, 3935, 3657, 4814, 2705, 3373, 4040
6274, 5301, 6364, 3939, 3657, 4782, 2679, 3323, 4047
6241, 5246, 6415, 3942, 3673, 4754, 2648, 3296, 4053
6174, 5184, 6452, 3929, 3664, 4792, 2621, 3295, 4061
6192, 5156, 6445, 3962, 3640, 4809, 2602, 3282, 4060
6202, 5121, 6472, 3967, 3631, 4827, 2563, 3291, 4063
6216, 5112, 6412, 3973, 3649, 4819, 2541, 3255, 4064
6251, 5105, 6413, 3940, 3650, 4779, 2537, 3247, 4088
6247, 5053, 6378, 3895, 3630, 4764, 2521, 3229, 4062
6225, 5055, 6387, 3884, 3573, 4730, 2538, 3217, 4032
6162, 5065, 6408, 3857, 3539, 4733, 2563, 3183, 4068
6147, 5087, 6404, 3806, 3556, 4696, 2583, 3153, 4038
6202, 5171, 6431, 3756, 3561, 4689, 2550, 3136, 4043
6131, 5295, 6390, 3723, 3533, 4725, 2547, 3075, 4049
6045, 5434, 6352, 3712, 3536, 4789, 2522, 3040, 4072
6036, 5613, 6320, 3746, 3512, 4773, 2509, 3003, 4094
6042, 5784, 6294, 3732, 3464, 4730, 2503, 2979, 4108
5941, 5904, 6298, 3701, 3451, 4724, 2472, 2966, 4123
5983, 5867, 6247, 3699, 3453, 4721, 2463, 2954, 4129
5992, 5791, 6206, 3654, 3468, 4716, 2466, 2919, 4123
5926, 5672, 6182, 3654, 3472, 4677, 2458, 2916, 4102
5878, 5582, 6155, 3671, 3481, 4691, 2452, 2909, 4105
5811, 5522, 6132, 3687, 3469, 4700, 2453, 2909, 4133
5767, 5537, 6191, 3683, 3440, 4655, 2434, 2866, 4131
5692, 5535, 6283, 3663, 3418, 4644, 2450, 2878, 4186
5695, 5463, 6364, 3684, 3414, 4637, 2469, 2852, 4212
5664, 5416, 6344, 3703, 3394, 4614, 2502, 2842, 4239
5671, 5212, 6342, 3704, 3410, 4582, 2508, 2828, 4237
5693, 5080, 6392, 3713, 3434, 4564, 2522, 2791, 4223
5672, 4975, 6399, 3702, 3410, 4531, 2498, 2751, 4246
5596, 4881, 6384, 3697, 3397, 4542, 2476, 2729, 4240
5528, 4789, 6409, 3692, 3328, 4533, 2492, 2677, 4229
5597, 4721, 6495, 3703, 3308, 4505, 2484, 2640, 4215
5571, 4678, 6562, 3699, 3310, 4496, 2486, 2591, 4214
5595, 4632, 6494, 3651, 3271, 4498, 2496, 2560, 4268
5598, 4560, 6434, 3687, 3238, 4483, 2493, 2520, 4282
5613, 4583, 6469, 3731, 3215, 4480, 2493, 2488, 4266
5553, 4478, 6509, 3715, 3166, 4479, 2478, 2472, 4234
5553, 4332, 6511, 3714, 3153, 4484, 2480, 2463, 4252
5448, 4198, 6519, 3714, 3161, 4453, 2471, 2430, 4256
5390, 4159, 6591, 3736, 3156, 4448, 2490, 2370, 4258
5297, 4083, 6674, 3758, 3161, 4478, 2479, 2343, 4294
5257, 4059, 6707, 3760, 3143, 4452, 2468, 2316, 4306
5209, 4051, 6701, 3806, 3083, 4402, 2444, 2273, 4287
5207, 4008, 6689, 3808, 3086, 4369, 2444, 2272, 4264
5193, 3909, 6688, 3843, 3091, 4370, 2412, 2254, 4235
5147, 3889, 6701, 3857, 3066, 4382, 2399, 2236, 4252
5092, 3827, 6737, 3904, 3004, 4361, 2409, 2231, 4259
5063, 3782, 6807, 3927, 2985, 4378, 2385, 2244, 4289
5034, 3799, 6905, 3946, 3004, 4407, 2362, 2232, 4325
5125, 3738, 6957, 3934, 2980, 4386, 2352, 2215, 4342
5128, 3664, 6960, 3982, 2990, 4352, 2348, 2226, 4357
5158, 3654, 6986, 4000, 2977, 4376, 2331, 2201, 4383
5201, 3572, 6934, 3985, 2970, 4396, 2305, 2185, 4392
5223, 3613, 6920, 3980, 2982, 4367, 2277, 2164, 4414
5267, 3635, 6911, 3996, 2966, 4356, 2258, 2152, 4447
5264, 3653, 6882, 4011, 2938, 4393, 2271, 2146, 4474
5237, 3697, 6837, 4015, 2904, 4448, 2261, 2153, 4503
5222, 3641, 6791, 4031, 2874, 4494, 2282, 2147, 4489
5208, 3636, 6709, 4059, 2898, 4546, 2303, 2158, 4522
5246, 3593, 6773, 4021, 2862, 4596, 2271, 2151, 4517
5225, 3632, 6814, 4022, 2812, 4658, 2282, 2129, 4514
5254, 3681, 6784, 4022, 2787, 4737, 2281, 2123, 4549
5288, 3667, 6703, 4029, 2765, 4834, 2281, 2133, 4528
5324, 3621, 6682, 4008, 2755, 4873, 2270, 2158, 4540
5240, 3565, 6694, 4021, 2721, 4949, 2280, 2137, 4579
5217, 3541, 6684, 4040, 2703, 4962, 2287, 2131, 4586
5188, 3535, 6676, 4046, 2702, 4938, 2295, 2112, 4622
5208, 3592, 6751, 4050, 2671, 4900, 2318, 2093, 4657
5241, 3620, 6733, 4027, 2675, 4854, 2341, 2086, 4699
5239, 3590, 6765, 4069, 2697, 4819, 2348, 2108, 4765
5121, 3609, 6831, 4072, 2683, 4748, 2357, 2114, 4868
5114, 3582, 6825, 4076, 2660, 4689, 2361, 2096, 5009
5100, 3588, 6831, 4023, 2626, 4683, 2391, 2105, 5137
5150, 3599, 6939, 4000, 2618, 4619, 2414, 2106, 5269
5183, 3562, 7026, 4041, 2637, 4573, 2405, 2105, 5378
5167, 3556, 6976, 4039, 2659, 4538, 2411, 2100, 5507
5175, 3527, 6988, 4037, 2622, 4516, 2401, 2094, 5628
5148, 3505, 6969, 4039, 2613, 4503, 2426, 2096, 5756
5132, 3546, 7006, 4021, 2595, 4449, 2442, 2073, 5903
5121, 3479, 7059, 4022, 2585, 4401, 2485, 2089, 6100
5137, 3496, 7106, 3999, 2603, 4420, 2490, 2102, 6355
5123, 3483, 7106, 4011, 2585, 4388, 2488, 2111, 6623
5114, 3439, 7102, 3999, 2562, 4389, 2504, 2121, 6954
5144, 3405, 7034, 4011, 2575, 4378, 2532, 2114, 7281
5082, 3356, 7135, 4015, 2529, 4346, 2559, 2120, 7679
5101, 3337, 7238, 4022, 2514, 4330, 2582, 2113, 7936
5073, 3321, 7415, 4043, 2533, 4343, 2603, 2104, 8021
5069, 3325, 7715, 3983, 2528, 4322, 2592, 2087, 7867
5089, 3325, 7964, 3952, 2555, 4324, 2571, 2075, 7651
5056, 3318, 8399, 3962, 2574, 4278, 2557, 2072, 7331
5055, 3355, 8967, 3943, 2537, 4314, 2561, 2097, 7084
5172, 3307, 9566, 3914, 2522, 4339, 2551, 2086, 6834
5188, 3293, 10225, 3857, 2524, 4353, 2533, 2093, 6562
5133, 3298, 10947, 3881, 2553, 4365, 2531, 2099, 6351
5072, 3240, 11536, 3930, 2545, 4414, 2527, 2093, 6135
5039, 3189, 11773, 3912, 2534, 4375, 2518, 2097, 6010
5012, 3173, 11784, 3875, 2503, 4387, 2516, 2104, 5872
5065, 3152, 11445, 3850, 2484, 4391, 2512, 2111, 5775
5074, 3167, 11263, 3868, 2473, 4353, 2489, 2128, 5648
5073, 3129, 11234, 3801, 2477, 4363, 2462, 2093, 5592
5103, 3140, 11277, 3783, 2454, 4335, 2440, 2094, 5583
5116, 3112, 11258, 3821, 2415, 4328, 2406, 2096, 5593
5108, 3117, 11028, 3824, 2429, 4280, 2426, 2106, 5685
5098, 3103, 10441, 3806, 2393, 4268, 2435, 2116, 5793
5113, 3058, 9773, 3761, 2372, 4312, 2450, 2129, 5960
5098, 3068, 9096, 3756, 2371, 4340, 2480, 2117, 6142
5004, 3065, 8539, 3754, 2382, 4372, 2491, 2095, 6386
4964, 3038, 8139, 3738, 2385, 4367, 2484, 2102, 6580
4927, 2990, 7757, 3716, 2381, 4336, 2496, 2080, 6864
4868, 2956, 7459, 3662, 2365, 4317, 2495, 2083, 7246
4856, 2942, 7222, 3622, 2352, 4324, 2478, 2080, 7795
4795, 2975, 7009, 3588, 2379, 4312, 2487, 2070, 8342
4762, 2952, 6875, 3589, 2382, 4318, 2473, 2052, 8845
4714, 2949, 6756, 3595, 2386, 4298, 2495, 2049, 9225
4735, 2903, 6729, 3556, 2373, 4291, 2520, 2056, 9388
4767, 2911, 6713, 3525, 2343, 4249, 2532, 2040, 9240
4735, 2866, 6666, 3510, 2335, 4187, 2567, 2032, 8884
4751, 2905, 6661, 3493, 2300, 4185, 2602, 2036, 8308
4761, 2947, 6592, 3491, 2279, 4163, 2650, 2018, 7725
4793, 2899, 6509, 3479, 2250, 4183, 2730, 2024, 7254
4820, 2882, 6520, 3464, 2227, 4176, 2777, 2028, 6888
4753, 2902, 6563, 3424, 2198, 4150, 2840, 2022, 6597
4711, 2947, 6504, 3423, 2166, 4129, 2900, 1989, 6340
4688, 2932, 6488, 3389, 2146, 4147, 2969, 1960, 6185
4613, 2946, 6513, 3394, 2142, 4151, 3014, 1961, 5991
4596, 2939, 6475, 3373, 2143, 4106, 3068, 1961, 5848
4596, 2909, 6426, 3390, 2116, 4037, 3094, 1965, 5783
4574, 2893, 6416, 3390, 2109, 3977, 3106, 1955, 5685
4603, 2932, 6380, 3368, 2071, 3982, 3084, 1960, 5641
4567, 2943, 6329, 3373, 2059, 3970, 3082, 1943, 5596
4573, 2930, 6290, 3390, 2089, 3920, 3093, 1917, 5580
4613, 2889, 6253, 3367, 2085, 3904, 3080, 1898, 5501
4630, 2879, 6203, 3347, 2094, 3859, 3079, 1895, 5463
4624, 2827, 6144, 3331, 2097, 3839, 3066, 1889, 5415
4618, 2837, 6084, 3301, 2084, 3809, 3049, 1872, 5380
4629, 2794, 6148, 3284, 2043, 3780, 3079, 1875, 5380
4690, 2741, 6151, 3252, 2006, 3777, 3052, 1841, 5355
4729, 2723, 6146, 3255, 2020, 3802, 3044, 1834, 5299
4848, 2726, 6148, 3241, 1983, 3780, 3042, 1817, 5274
4879, 2724, 6194, 3225, 1985, 3755, 3051, 1810, 5256
4859, 2799, 6200, 3244, 1983, 3728, 3070, 1802, 5251
4978, 2831, 6143, 3247, 1944, 3677, 3102, 1780, 5268
4989, 2860, 6192, 3286, 1923, 3673, 3115, 1760, 5267
4988, 2863, 6119, 3256, 1899, 3708, 3139, 1733, 5245
4945, 2865, 6086, 3242, 1883, 3729, 3156, 1736, 5254
4996, 2888, 6041, 3248, 1888, 3749, 3182, 1726, 5253
4944, 2893, 6041, 3220, 1885, 3744, 3178, 1718, 5267
4872, 2857, 6003, 3184, 1869, 3728, 3194, 1679, 5242
4867, 2898, 6060, 3200, 1833, 3729, 3217, 1674, 5224
4889, 2877, 5955, 3186, 1826, 3721, 3175, 1671, 5188
4866, 2882, 5840, 3179, 1838, 3690, 3136, 1645, 5206
4890, 2928, 5782, 3186, 1825, 3708, 3123, 1622, 5233
4967, 2982, 5750, 3162, 1845, 3706, 3116, 1588, 5239
5035, 2982, 5705, 3126, 1813, 3719, 3113, 1586, 5230
5015, 2986, 5672, 3151, 1819, 3745, 3101, 1589, 5204
4997, 2967, 5703, 3152, 1803, 3730, 3122, 1605, 5234
5053, 2966, 5619, 3169, 1807, 3711, 3115, 1608, 5251
5086, 3003, 5558, 3176, 1820, 3741, 3100, 1603, 5257
5050, 3053, 5498, 3206, 1817, 3760, 3099, 1592, 5261
5068, 3094, 5469, 3161, 1811, 3733, 3103, 1579, 5245
5056, 3047, 5471, 3112, 1796, 3705, 3088, 1566, 5253
5009, 3068, 5437, 3115, 1786, 3701, 3086, 1564, 5248
5021, 3071, 5396, 3097, 1780, 3727, 3092, 1557, 5242
5061, 3049, 5383, 3100, 1761, 3737, 3088, 1565, 5227
5096, 3038, 5308, 3125, 1747, 3700, 3080, 1579, 5262
5029, 3030, 5306, 3157, 1753, 3666, 3078, 1555, 5231
5087, 3027, 5334, 3170, 1747, 3637, 3100, 1539, 5221
5097, 3020, 5295, 3214, 1752, 3645, 3113, 1523, 5202
5141, 3015, 5270, 3235, 1747, 3687, 3129, 1512, 5215
5142, 3001, 5249, 3245, 1751, 3685, 3120, 1504, 5259
5081, 3004, 5218, 3278, 1758, 3687, 3085, 1482, 5268
5056, 2967, 5188, 3277, 1754, 3690, 3053, 1471, 5278
5084, 2993, 5162, 3320, 1750, 3679, 3084, 1461, 5293
5002, 3049, 5162, 3307, 1748, 3717, 3101, 1428, 5344
4983, 3103, 5098, 3310, 1737, 3730, 3078, 1442, 5343
5036, 3092, 5067, 3319, 1754, 3738, 3078, 1446, 5379
5011, 3110, 5049, 3334, 1755, 3735, 3097, 1446, 5420
4975, 3121, 5064, 3353, 1761, 3714, 3120, 1420, 5434
4963, 3151, 5094, 3358, 1751, 3682, 3149, 1417, 5434
4890, 3177, 5023, 3364, 1753, 3674, 3183, 1401, 5425
4833, 3165, 4948, 3365, 1767, 3661, 3219, 1395, 5463
4864, 3192, 4871, 3357, 1772, 3675, 3241, 1383, 5490
4907, 3208, 4888, 3395, 1792, 3674, 3242, 1382, 5503
4937, 3179, 4841, 3403, 1788, 3665, 3256, 1355, 5523
4975, 3183, 4772, 3394, 1791, 3681, 3299, 1335, 5519
5056, 3191, 4772, 3392, 1771, 3685, 3302, 1325, 5475
5109, 3232, 4682, 3381, 1781, 3688, 3363, 1299, 5495
5127, 3267, 4620, 3403, 1778, 3691, 3403, 1281, 5535
5171, 3308, 4587, 3418, 1816, 3734, 3454, 1275, 5591
5181, 3354, 4564, 3434, 1806, 3784, 3498, 1255, 5598
5186, 3381, 4578, 3428, 1795, 3762, 3518, 1229, 5624
5260, 3432, 4568, 3424, 1774, 3746, 3534, 1191, 5608
5309, 3450, 4517, 3428, 1776, 3711, 3570, 1180, 5615
5372, 3435, 4476, 3407, 1783, 3737, 3616, 1167, 5613
5468, 3425, 4423, 3413, 1791, 3678, 3669, 1176, 5620
5527, 3428, 4354, 3416, 1821, 3653, 3709, 1184, 5619
5631, 3449, 4348, 3429, 1809, 3621, 3710, 1168, 5586
5697, 3441, 4359, 3405, 1823, 3605, 3714, 1179, 5618
5808, 3503, 4311, 3385, 1831, 3590, 3729, 1196, 5635
6045, 3485, 4298, 3374, 1834, 3575, 3752, 1184, 5679
6218, 3480, 4303, 3348, 1831, 3589, 3754, 1184, 5713
6260, 3514, 4249, 3354, 1845, 3623, 3790, 1177, 5721
6235, 3512, 4283, 3395, 1878, 3653, 3818, 1161, 5757
6154, 3508, 4297, 3454, 1876, 3659, 3850, 1138, 5766
6077, 3506, 4316, 3446, 1878, 3643, 3868, 1124, 5806
5969, 3539, 4382, 3475, 1883, 3617, 3897, 1093, 5838
5878, 3534, 4421, 3506, 1881, 3624, 3923, 1073, 5889
5859, 3574, 4361, 3493, 1856, 3611, 3974, 1076, 5921
5810, 3584, 4382, 3478, 1872, 3604, 4044, 1078, 6049
5805, 3591, 4393, 3488, 1912, 3585, 4120, 1080, 6165
5773, 3585, 4396, 3497, 1886, 3625, 4164, 1075, 6387
5714, 3578, 4316, 3493, 1902, 3630, 4221, 1068, 6677
5755, 3588, 4291, 3496, 1934, 3611, 4266, 1064, 7111
5770, 3580, 4308, 3501, 1938, 3631, 4258, 1065, 7760
5761, 3631, 4321, 3512, 1956, 3641, 4253, 1053, 8682
5710, 3676, 4285, 3475, 1997, 3659, 4306, 1038, 9999
5739, 3699, 4267, 3454, 1986, 3636, 4341, 998, 11686
5670, 3758, 4203, 3462, 2003, 3603, 4347, 1088, 13833
5602, 3827, 4202, 3447, 2035, 3567, 4336, 1083, 16250
5549, 3893, 4253, 3413, 2055, 3610, 4350, 1070, 18771
5514, 3858, 4251, 3410, 2034, 3600, 4431, 1065, 20915
5490, 3924, 4234, 3403, 2033, 3597, 4474, 1057, 22580
5442, 3957, 4240, 3375, 2021, 3601, 4530, 1056, 23995
5415, 3938, 4258, 3346, 2026, 3599, 4566, 1054, 26029
5345, 3894, 4169, 3366, 2025, 3561, 4611, 1050, 29271
5318, 3912, 4049, 3419, 2024, 3566, 4617, 1051, 33142
5315, 3889, 4009, 3419, 2023, 3576, 4614, 1061, 35812
5240, 3926, 4031, 3434, 2040, 3584, 4554, 1067, 36261
5208, 3954, 4071, 3420, 2054, 3606, 4592, 1066, 34267
5192, 3936, 4099, 3404, 2062, 3620, 4598, 1054, 29901
5123, 3950, 4118, 3407, 2092, 3622, 4576, 1040, 24647
5096, 3916, 4118, 3421, 2107, 3622, 4592, 1042, 19816
5035, 3888, 4141, 3450, 2119, 3635, 4584, 1031, 16015
5029, 3906, 4148, 3498, 2129, 3653, 4550, 1028, 13273
5040, 3878, 4170, 3511, 2148, 3634, 4537, 1030, 11185
5093, 3830, 4157, 3543, 2146, 3647, 4531, 1036, 9680
5060, 3797, 4144, 3580, 2165, 3643, 4549, 1021, 8619
5083, 3801, 4157, 3582, 2149, 3627, 4581, 1025, 7893
5072, 3865, 4115, 3604, 2156, 3571, 4573, 1036, 7406
5093, 3847, 4037, 3607, 2171, 3558, 4609, 1033, 7011
5123, 3807, 4030, 3618, 2184, 3581, 4617, 1026, 6780
5074, 3823, 4022, 3637, 2197, 3566, 4633, 1021, 6622
5085, 3830, 3981, 3656, 2237, 3554, 4660, 1003, 6513
5163, 3834, 3964, 3672, 2257, 3532, 4630, 1012, 6412
5217, 3793, 4025, 3716, 2275, 3514, 4622, 1009, 6341
5292, 3757, 4056, 3692, 2283, 3477, 4624, 1021, 6216
5323, 3747, 4054, 3694, 2316, 3507, 4631, 1008, 6165
5221, 3665, 4005, 3716, 2361, 3517, 4598, 997, 6129
5174, 3667, 4002, 3714, 2372, 3513, 4577, 1167, 6063
5223, 3749, 3936, 3713, 2435, 3516, 4587, 1182, 6027
5193, 3784, 3976, 3690, 2473, 3523, 4576, 1180, 6018
5258, 3797, 4013, 3670, 2477, 3544, 4532, 1179, 6001
5258, 3849, 4037, 3662, 2497, 3535, 4562, 1176, 5972
5272, 3912, 4045, 3678, 2506, 3502, 4568, 1178, 5937
5178, 3987, 4054, 3685, 2482, 3506, 4534, 1180, 5898
5139, 4044, 4030, 3675, 2523, 3501, 4510, 1181, 5908
5128, 4058, 3953, 3689, 2509, 3553, 4478, 1196, 5932
5139, 4079, 3924, 3715, 2531, 3544, 4443, 1198, 5895
5192, 4146, 3901, 3729, 2556, 3520, 4429, 1188, 5878
5223, 4109, 3939, 3747, 2569, 3495, 4400, 1184, 5863
5217, 4120, 3951, 3752, 2542, 3519, 4399, 1199, 5846
5241, 4151, 3944, 3824, 2518, 3525, 4411, 1207, 5834
5201, 4202, 3909, 3877, 2545, 3512, 4403, 1222, 5769
5113, 4232, 3864, 3912, 2580, 3548, 4415, 1237, 5759
5087, 4182, 3892, 3902, 2594, 3544, 4407, 1268, 5752
5157, 4221, 3889, 3968, 2611, 3532, 4421, 1278, 5758
5171, 4208, 3871, 3986, 2621, 3573, 4406, 1322, 5747
5189, 4238, 3862, 4000, 2628, 3596, 4399, 1345, 5762
5163, 4320, 3883, 4020, 2658, 3605, 4396, 1389, 5810
5166, 4370, 3883, 4064, 2712, 3589, 4400, 1443, 5784
5163, 4451, 3958, 4122, 2755, 3602, 4408, 1492, 5769
5201, 4576, 4032, 4179, 2783, 3613, 4395, 1544, 5753
5167, 4753, 3984, 4266, 2826, 3602, 4405, 1594, 5741
5169, 4950, 3943, 4341, 2890, 3621, 4421, 1646, 5738
5171, 5184, 3926, 4463, 2950, 3609, 4441, 1688, 5746
5201, 5323, 3900, 4547, 2994, 3645, 4405, 1744, 5734
5257, 5384, 3872, 4631, 3026, 3621, 4397, 1797, 5687
5175, 5426, 3877, 4724, 3087, 3661, 4335, 1830, 5676
5074, 5278, 3941, 4809, 3131, 3678, 4327, 1846, 5670
5103, 5198, 3953, 4873, 3156, 3660, 4339, 1855, 5695
5125, 5171, 4003, 4909, 3219, 3651, 4341, 1879, 5669
5097, 5174, 4026, 4969, 3309, 3662, 4339, 1887, 5644
5060, 5088, 4007, 4975, 3336, 3672, 4329, 1904, 5632
4984, 4963, 3960, 4965, 3363, 3663, 4332, 1913, 5582
4963, 4811, 3887, 4950, 3354, 3665, 4318, 1904, 5567
4947, 4741, 3850, 4923, 3405, 3663, 4287, 1914, 5534
4850, 4674, 3852, 4894, 3409, 3665, 4292, 1941, 5509
4882, 4663, 3803, 4870, 3425, 3666, 4266, 1975, 5457
4854, 4679, 3816, 4840, 3451, 3620, 4274, 1984, 5466
4868, 4687, 3854, 4813, 3487, 3563, 4284, 2009, 5432
4887, 4676, 3838, 4774, 3508, 3554, 4282, 2022, 5410
4915, 4658, 3906, 4718, 3558, 3550, 4275, 2021, 5395
4878, 4661, 3921, 4716, 3581, 3564, 4249, 2018, 5381
4836, 4629, 3923, 4717, 3587, 3571, 4217, 2026, 5362
4821, 4605, 3925, 4734, 3617, 3562, 4210, 2041, 5371
4856, 4575, 3906, 4702, 3617, 3578, 4209, 2042, 5347
4802, 4532, 3905, 4717, 3618, 3583, 4205, 2052, 5361
4776, 4557, 3915, 4668, 3659, 3596, 4196, 2041, 5377
4661, 4501, 3913, 4701, 3635, 3576, 4199, 2049, 5357
4615, 4495, 3938, 4740, 3666, 3564, 4159, 2040, 5343
4623, 4536, 3959, 4698, 3659, 3587, 4167, 2049, 5343
4640, 4511, 3959, 4732, 3660, 3567, 4170, 2042, 5346
4624, 4551, 3965, 4740, 3665, 3568, 4174, 2037, 5381
4599, 4527, 3963, 4745, 3678, 3569, 4193, 2059, 5369
4563, 4526, 3963, 4798, 3648, 3552, 4156, 2074, 5412
4540, 4511, 3972, 4845, 3626, 3504, 4166, 2101, 5351
4532, 4511, 3927, 4868, 3570, 3513, 4204, 2110, 5383
4471, 4453, 3942, 4924, 3589, 3488, 4200, 2114, 5381
4403, 4467, 3932, 4973, 3631, 3455, 4181, 2130, 5363
4428, 4461, 3926, 5010, 3640, 3465, 4165, 2156, 5350
4422, 4466, 3920, 4968, 3611, 3453, 4185, 2194, 5363
4425, 4444, 3925, 4923, 3562, 3462, 4160, 2205, 5359
4374, 4357, 3933, 4894, 3515, 3480, 4143, 2241, 5364
4360, 4416, 3870, 4896, 3523, 3467, 4166, 2289, 5372
4345, 4467, 3776, 4940, 3512, 3469, 4177, 2281, 5363
4290, 4535, 3792, 4978, 3520, 3481, 4195, 2303, 5339
4270, 4527, 3791, 5005, 3477, 3498, 4191, 2322, 5299
4329, 4534, 3771, 5080, 3487, 3537, 4191, 2342, 5321
4282, 4479, 3737, 5156, 3508, 3553, 4220, 2364, 5302
4285, 4423, 3730, 5243, 3502, 3579, 4219, 2369, 5280
4300, 4330, 3711, 5357, 3492, 3567, 4264, 2388, 5234
4279, 4304, 3732, 5501, 3524, 3530, 4268, 2413, 5257
4192, 4301, 3761, 5649, 3522, 3505, 4248, 2436, 5211
4138, 4262, 3706, 5755, 3469, 3490, 4265, 2446, 5146
4117, 4319, 3701, 5797, 3464, 3511, 4284, 2453, 5134
4081, 4347, 3657, 5842, 3475, 3531, 4293, 2476, 5091
4051, 4374, 3596, 5847, 3444, 3532, 4303, 2516, 5068
4064, 4379, 3592, 5818, 3411, 3527, 4328, 2567, 5078
4071, 4377, 3630, 5743, 3446, 3507, 4350, 2601, 5053
4101, 4331, 3602, 5710, 3453, 3496, 4392, 2661, 5030
4179, 4259, 3572, 5695, 3480, 3497, 4426, 2709, 5031
4201, 4198, 3555, 5701, 3488, 3509, 4478, 2724, 5002
4164, 4240, 3585, 5675, 3499, 3529, 4511, 2733, 4982
4190, 4250, 3576, 5665, 3530, 3501, 4576, 2751, 4928
4175, 4231, 3578, 5623, 3600, 3475, 4643, 2784, 4916
4167, 4214, 3574, 5606, 3638, 3499, 4707, 2799, 4926
4152, 4229, 3571, 5554, 3689, 3503, 4730, 2842, 4914
4120, 4208, 3584, 5522, 3816, 3504, 4782, 2873, 4880
4128, 4193, 3588, 5518, 4027, 3488, 4795, 2906, 4869
4133, 4191, 3618, 5509, 4367, 3493, 4813, 2949, 4813
4210, 4158, 3633, 5514, 4800, 3496, 4815, 2962, 4804
4219, 4186, 3618, 5495, 5318, 3512, 4812, 2980, 4784
4206, 4227, 3589, 5493, 6164, 3511, 4828, 3006, 4696
4283, 4265, 3571, 5502, 7276, 3512, 4842, 3045, 4651
4298, 4252, 3600, 5475, 8575, 3532, 4856, 3097, 4629
4273, 4266, 3595, 5540, 10010, 3547, 4848, 3110, 4629
4244, 4223, 3551, 5597, 11460, 3550, 4872, 3168, 4591
4275, 4225, 3585, 5642, 12434, 3545, 4876, 3206, 4530
4245, 4236, 3555, 5724, 12658, 3537, 4905, 3234, 4513
4170, 4224, 3614, 5835, 11983, 3537, 4911, 3269, 4497
4195, 4167, 3608, 6002, 10883, 3538, 4897, 3278, 4479
4196, 4115, 3633, 6119, 9797, 3582, 4909, 3300, 4429
4217, 4035, 3661, 6153, 8943, 3631, 4939, 3339, 4399
4278, 4012, 3664, 6218, 8236, 3659, 4991, 3382, 4363
4364, 4007, 3684, 6188, 7553, 3647, 5010, 3379, 4348
4460, 4009, 3632, 6164, 6951, 3682, 5042, 3403, 4329
4503, 4029, 3696, 6141, 6511, 3675, 5114, 3447, 4320
4493, 4016, 3698, 6088, 6236, 3705, 5168, 3486, 4338
4457, 4053, 3699, 6066, 5981, 3716, 5234, 3506, 4284
4461, 4056, 3716, 6035, 5617, 3703, 5326, 3561, 4264
4541, 4099, 3691, 6001, 5281, 3701, 5376, 3584, 4277
4543, 4117, 3697, 5931, 4995, 3699, 5436, 3615, 4249
4557, 4116, 3709, 5892, 4708, 3687, 5427, 3634, 4245
4580, 4133, 3697, 5864, 4515, 3701, 5423, 3679, 4249
4599, 4176, 3643, 5901, 4431, 3718, 5408, 3712, 4257
4556, 4192, 3632, 5899, 4416, 3718, 5396, 3729, 4253
4504, 4204, 3598, 5944, 4481, 3756, 5347, 3795, 4251
4541, 4193, 3614, 5958, 4474, 3829, 5298, 3851, 4200
4502, 4174, 3656, 5981, 4453, 3851, 5299, 3868, 4232
4522, 4127, 3668, 5963, 4467, 3900, 5308, 3905, 4215
4560, 4154, 3651, 5932, 4469, 3959, 5282, 3932, 4203
4562, 4210, 3701, 5917, 4349, 4013, 5259, 3957, 4194
4586, 4207, 3726, 5919, 4237, 4051, 5238, 3994, 4210
4659, 4218, 3680, 5934, 4116, 4126, 5231, 4035, 4181
4725, 4256, 3688, 5940, 3988, 4145, 5246, 4075, 4143
4717, 4259, 3693, 5986, 3883, 4181, 5257, 4123, 4080
4732, 4281, 3728, 5974, 3776, 4175, 5239, 4172, 4054
4780, 4328, 3753, 5986, 3746, 4185, 5228, 4200, 4061
4761, 4349, 3776, 5954, 3660, 4180, 5253, 4224, 4075
4773, 4343, 3844, 5915, 3589, 4216, 5288, 4241, 4063
4820, 4355, 3852, 5926, 3536, 4230, 5314, 4254, 4063
4798, 4305, 3837, 5925, 3493, 4260, 5307, 4294, 4023
4767, 4315, 3836, 5879, 3433, 4240, 5309, 4347, 3995
4775, 4265, 3784, 5893, 3388, 4240, 5335, 4385, 3969
4770, 4238, 3784, 5891, 3369, 4203, 5315, 4400, 3958
4737, 4202, 3784, 5911, 3320, 4199, 5331, 4431, 3929
4728, 4121, 3743, 5902, 3291, 4226, 5306, 4486, 3926
4738, 4146, 3761, 5938, 3268, 4264, 5303, 4558, 3950
4688, 4147, 3715, 5950, 3247, 4268, 5331, 4610, 3939
4674, 4194, 3681, 5925, 3225, 4257, 5350, 4669, 3910
4653, 4179, 3623, 5948, 3208, 4229, 5357, 4693, 3903
4709, 4190, 3678, 5930, 3202, 4203, 5347, 4741, 3839
4766, 4116, 3702, 5879, 3225, 4237, 5337, 4815, 3818
4748, 4073, 3745, 5828, 3194, 4270, 5349, 4889, 3825
4718, 4075, 3706, 5842, 3146, 4260, 5363, 4957, 3808
4721, 4136, 3695, 5831, 3163, 4294, 5360, 4995, 3802
4709, 4147, 3750, 5815, 3176, 4306, 5347, 5069, 3767
4740, 4115, 3754, 5776, 3163, 4364, 5374, 5119, 3771
4795, 4125, 3738, 5774, 3187, 4366, 5374, 5168, 3767
4876, 4145, 3667, 5803, 3154, 4374, 5418, 5216, 3758
4895, 4139, 3678, 5789, 3141, 4376, 5445, 5228, 3749
4939, 4103, 3679, 5763, 3097, 4385, 5525, 5284, 3755
4945, 4078, 3721, 5726, 3065, 4374, 5531, 5321, 3728
4945, 4053, 3748, 5767, 3035, 4349, 5582, 5350, 3719
4901, 4065, 3708, 5767, 3055, 4322, 5626, 5389, 3696
4969, 4143, 3756, 5782, 3035, 4297, 5664, 5434, 3664
5054, 4179, 3734, 5798, 3053, 4278, 5731, 5437, 3657
5068, 4199, 3761, 5803, 3049, 4310, 5769, 5429, 3612
5074, 4199, 3783, 5836, 3026, 4274, 5773, 5459, 3585
5098, 4150, 3734, 5802, 3013, 4300, 5797, 5474, 3503
5180, 4096, 3757, 5817, 3052, 4307, 5829, 5485, 3463
5234, 4096, 3747, 5848, 3077, 4305, 5887, 5486, 3412
5259, 4131, 3718, 5865, 3065, 4311, 5930, 5532, 3373
5250, 4160, 3682, 5879, 3009, 4296, 5967, 5571, 3362
5204, 4218, 3658, 5893, 2992, 4279, 5958, 5588, 3327
5154, 4236, 3667, 5915, 3002, 4261, 5996, 5574, 3289
5164, 4232, 3566, 5917, 3008, 4256, 5979, 5599, 3265
5139, 4194, 3543, 5937, 2955, 4274, 5969, 5636, 3236
5080, 4180, 3531, 5920, 2945, 4280, 5943, 5682, 3220
5107, 4219, 3489, 5919, 2922, 4283, 5943, 5705, 3206
5141, 4249, 3540, 5962, 2890, 4296, 5940, 5750, 3159
5149, 4308, 3544, 5958, 2888, 4282, 5894, 5782, 3139
5143, 4315, 3554, 5957, 2890, 4277, 5896, 5795, 3097
5158, 4369, 3549, 5963, 2884, 4311, 5917, 5808, 3071
5184, 4450, 3517, 5954, 2912, 4303, 5929, 5808, 3042
5212, 4433, 3550, 5978, 2915, 4306, 5910, 5820, 3022
5238, 4489, 3539, 5992, 2924, 4324, 5949, 5864, 3005
5333, 4514, 3546, 6008, 2953, 4359, 5950, 5877, 2986
5418, 4555, 3526, 6009, 2959, 4377, 5995, 5907, 2970
5487, 4606, 3531, 5984, 2975, 4390, 6097, 5937, 2936
5506, 4696, 3515, 5987, 2966, 4437, 6119, 5964, 2919
5497, 4784, 3550, 6019, 2947, 4443, 6227, 6026, 2910
5493, 4838, 3488, 5986, 2954, 4441, 6383, 6053, 2917
5499, 4824, 3373, 5978, 2975, 4460, 6615, 6051, 2917
5504, 4802, 3355, 5958, 2977, 4471, 6873, 6085, 2886
5569, 4824, 3371, 5999, 2981, 4490, 7171, 6115, 2854
5662, 4852, 3345, 5952, 2962, 4489, 7475, 6156, 2837
5697, 4958, 3317, 5942, 2990, 4500, 7792, 6192, 2804
5682, 5078, 3281, 5937, 3011, 4535, 8035, 6197, 2784
5750, 5207, 3225, 5967, 3024, 4591, 8134, 6187, 2782
5732, 5350, 3230, 6045, 3065, 4654, 8121, 6210, 2756
5734, 5484, 3273, 6086, 3100, 4653, 7989, 6212, 2726
5740, 5747, 3230, 6117, 3130, 4644, 7825, 6192, 2719
5719, 6146, 3217, 6163, 3170, 4629, 7704, 6195, 2697
5745, 6774, 3218, 6184, 3181, 4668, 7626, 6221, 2693
5714, 7630, 3202, 6137, 3215, 4682, 7470, 6209, 2685
5745, 8725, 3200, 6154, 3266, 4676, 7402, 6227, 2646
5851, 10029, 3194, 6118, 3309, 4641, 7288, 6241, 2621
5926, 11383, 3204, 6102, 3356, 4608, 7275, 6242, 2601
5918, 12453, 3152, 6075, 3363, 4624, 7321, 6250, 2595
5906, 12889, 3148, 6061, 3419, 4616, 7504, 6267, 2616
5879, 12728, 3149, 6064, 3431, 4646, 7824, 6258, 2613
5886, 12023, 3157, 6084, 3450, 4694, 8210, 6256, 2628
5876, 11350, 3190, 6090, 3410, 4710, 8707, 6284, 2616
5935, 10573, 3161, 6110, 3368, 4718, 9156, 6331, 2624
5995, 9791, 3132, 6139, 3365, 4766, 9486, 6316, 2594
6093, 9205, 3150, 6165, 3349, 4814, 9609, 6326, 2575
6127, 8822, 3197, 6155, 3345, 4851, 9488, 6317, 2551
6116, 8422, 3188, 6110, 3372, 4866, 9178, 6337, 2548
6080, 8084, 3208, 6111, 3388, 4893, 8849, 6367, 2532
6102, 7720, 3237, 6133, 3389, 4937, 8524, 6386, 2531
6157, 7356, 3222, 6189, 3353, 4967, 8212, 6441, 2523
6184, 6991, 3180, 6220, 3328, 4949, 7936, 6458, 2497
6148, 6676, 3126, 6295, 3330, 4982, 7710, 6450, 2482
6206, 6491, 3150, 6363, 3343, 4994, 7602, 6428, 2494
6311, 6461, 3134, 6419, 3381, 4985, 7567, 6355, 2492
6380, 6515, 3167, 6566, 3396, 4968, 7699, 6367, 2479
6435, 6517, 3261, 6677, 3420, 4934, 7889, 6336, 2467
6441, 6440, 3224, 6750, 3445, 4935, 8239, 6359, 2449
6422, 6451, 3241, 6874, 3445, 4951, 8797, 6346, 2415
6499, 6423, 3260, 6922, 3489, 4954, 9487, 6336, 2393
6563, 6414, 3290, 6931, 3543, 4985, 10278, 6368, 2380
6656, 6392, 3285, 6841, 3574, 4947, 10896, 6359, 2361
6706, 6348, 3288, 6814, 3591, 4893, 11113, 6342, 2349
6798, 6267, 3293, 6734, 3600, 4842, 10784, 6313, 2342
6944, 6248, 3326, 6687, 3571, 4882, 10066, 6329, 2329
7095, 6183, 3294, 6681, 3571, 4861, 9321, 6341, 2330
7292, 6102, 3232, 6703, 3545, 4899, 8703, 6340, 2328
7570, 6040, 3163, 6758, 3531, 4958, 8128, 6342, 2321
7944, 5953, 3131, 6743, 3550, 4954, 7755, 6344, 2314
8386, 5946, 3076, 6687, 3571, 4978, 7397, 6362, 2301
8978, 5972, 3027, 6631, 3545, 4994, 7128, 6334, 2307
9518, 5920, 2972, 6634, 3563, 4970, 6929, 6345, 2279
10106, 5845, 2977, 6566, 3521, 4927, 6741, 6344, 2234
10589, 5831, 2938, 6542, 3506, 4975, 6657, 6351, 2199
10918, 5880, 2892, 6519, 3536, 4970, 6530, 6308, 2168
11041, 5868, 2883, 6522, 3559, 4975, 6468, 6319, 2141
10805, 5832, 2862, 6553, 3588, 5029, 6391, 6341, 2142
10393, 5914, 2814, 6523, 3576, 5089, 6298, 6327, 2111
9844, 5961, 2794, 6485, 3541, 5101, 6203, 6353, 2092
9199, 5997, 2803, 6441, 3532, 5157, 6156, 6340, 2065
8632, 6009, 2798, 6408, 3530, 5152, 6128, 6318, 2079
8231, 6075, 2773, 6388, 3528, 5203, 6076, 6333, 2080
7961, 6119, 2806, 6363, 3569, 5171, 6035, 6320, 2071
7662, 6127, 2890, 6342, 3569, 5157, 5978, 6257, 2071
7486, 6128, 2857, 6331, 3554, 5189, 5946, 6242, 2028
7302, 6240, 2853, 6266, 3535, 5219, 5868, 6222, 2014
7230, 6352, 2877, 6281, 3533, 5224, 5810, 6191, 1994
7137, 6404, 2859, 6275, 3552, 5208, 5741, 6209, 1988
7133, 6413, 2866, 6279, 3581, 5280, 5703, 6203, 1978
7131, 6457, 2844, 6247, 3580, 5282, 5656, 6159, 1977
7113, 6406, 2901, 6221, 3580, 5307, 5636, 6150, 1985
7066, 6413, 2885, 6170, 3568, 5306, 5590, 6142, 1988
7021, 6411, 2927, 6131, 3554, 5288, 5537, 6136, 1987
6968, 6385, 2916, 6129, 3567, 5302, 5474, 6150, 1986
6949, 6435, 2853, 6175, 3561, 5298, 5404, 6177, 1989
6899, 6493, 2837, 6183, 3596, 5365, 5353, 6223, 1957
6816, 6552, 2804, 6125, 3595, 5369, 5349, 6214, 1969
6825, 6586, 2745, 6044, 3607, 5345, 5338, 6252, 1963
6804, 6677, 2744, 6063, 3596, 5340, 5270, 6300, 1964
6738, 6768, 2738, 6018, 3602, 5336, 5239, 6350, 1951
6737, 6849, 2757, 5984, 3678, 5274, 5203, 6439, 1954
6700, 6920, 2772, 5954, 3753, 5255, 5190, 6463, 1953
6647, 7018, 2784, 5877, 3788, 5299, 5163, 6510, 1941
6608, 6965, 2849, 5815, 3781, 5270, 5105, 6531, 1959
6613, 6942, 2894, 5753, 3846, 5275, 5072, 6566, 1953
6649, 6863, 2947, 5741, 3877, 5261, 5032, 6582, 1940
6653, 6752, 2958, 5772, 3921, 5272, 4999, 6572, 1935
6616, 6686, 2970, 5776, 3950, 5278, 4978, 6634, 1936
6652, 6676, 2963, 5758, 3968, 5267, 4949, 6647, 1916
6699, 6615, 2988, 5745, 3992, 5265, 4932, 6580, 1881
6843, 6597, 2972, 5714, 3986, 5277, 4898, 6600, 1847
6899, 6563, 2937, 5652, 4027, 5292, 4844, 6633, 1842
6956, 6594, 2898, 5676, 4052, 5316, 4817, 6593, 1844
7047, 6626, 2844, 5630, 4030, 5290, 4811, 6614, 1840
7109, 6607, 2844, 5581, 4016, 5316, 4822, 6592, 1824
7169, 6632, 2800, 5546, 4029, 5319, 4809, 6603, 1814
7179, 6713, 2823, 5507, 4043, 5268, 4810, 6588, 1808
7228, 6763, 2870, 5440, 4020, 5221, 4839, 6552, 1779
7226, 6723, 2938, 5390, 4059, 5232, 4828, 6534, 1772
7254, 6738, 2967, 5352, 4064, 5271, 4804, 6501, 1765
7229, 6833, 2981, 5330, 4092, 5221, 4790, 6515, 1768
7208, 6831, 3038, 5331, 4108, 5211, 4780, 6496, 1749
7144, 6835, 3090, 5326, 4135, 5229, 4764, 6508, 1728
7149, 6822, 3084, 5289, 4124, 5244, 4756, 6520, 1730
7135, 6894, 3106, 5243, 4110, 5250, 4768, 6505, 1720
7143, 6827, 3107, 5247, 4111, 5269, 4722, 6489, 1697
7180, 6859, 3094, 5223, 4135, 5278, 4712, 6456, 1685
7193, 6861, 3097, 5192, 4142, 5299, 4741, 6406, 1685
7238, 6882, 3101, 5171, 4168, 5333, 4787, 6415, 1680
7287, 6977, 3063, 5154, 4182, 5399, 4767, 6368, 1669
7273, 7006, 2999, 5100, 4225, 5391, 4757, 6338, 1674
7197, 6939, 2986, 5102, 4269, 5399, 4722, 6358, 1657
7148, 6956, 3002, 5096, 4326, 5432, 4729, 6360, 1639
7186, 7001, 3014, 5064, 4396, 5404, 4730, 6349, 1639
7281, 6998, 3028, 5049, 4419, 5435, 4698, 6316, 1637
7292, 7012, 3078, 5033, 4423, 5411, 4721, 6358, 1611
7277, 7083, 3075, 4999, 4438, 5368, 4738, 6342, 1578
7366, 7222, 3163, 4985, 4438, 5356, 4807, 6327, 1555
7439, 7231, 3199, 4981, 4484, 5357, 4813, 6312, 1555
7463, 7234, 3244, 5019, 4466, 5360, 4814, 6309, 1540
7466, 7288, 3208, 5034, 4464, 5341, 4832, 6363, 1536
7499, 7374, 3235, 5001, 4504, 5371, 4828, 6371, 1512
7574, 7402, 3233, 4962, 4518, 5370, 4814, 6383, 1490
7552, 7415, 3199, 4903, 4516, 5400, 4820, 6332, 1497
7499, 7368, 3219, 4862, 4496, 5436, 4830, 6309, 1470
7482, 7383, 3287, 4870, 4507, 5465, 4812, 6318, 1481
7516, 7403, 3308, 4882, 4517, 5481, 4840, 6313, 1473
7551, 7307, 3283, 4854, 4539, 5524, 4804, 6347, 1480
7540, 7197, 3280, 4849, 4568, 5554, 4802, 6368, 1473
7602, 7226, 3241, 4848, 4552, 5590, 4808, 6407, 1462
7671, 7141, 3223, 4834, 4567, 5630, 4847, 6411, 1457
7698, 7087, 3206, 4870, 4587, 5731, 4852, 6414, 1465
7695, 7086, 3181, 4876, 4557, 5742, 4837, 6418, 1460
7618, 7065, 3197, 4840, 4577, 5735, 4858, 6444, 1455
7641, 6943, 3230, 4800, 4618, 5777, 4829, 6425, 1471
7677, 6891, 3270, 4748, 4650, 5766, 4810, 6416, 1449
7710, 6888, 3326, 4679, 4655, 5746, 4810, 6415, 1452
7727, 6820, 3471, 4641, 4629, 5708, 4778, 6467, 1453
7704, 6791, 3671, 4589, 4629, 5700, 4786, 6484, 1450
7698, 6793, 3930, 4525, 4653, 5656, 4790, 6490, 1450
7740, 6759, 4278, 4474, 4662, 5700, 4766, 6490, 1434
7797, 6779, 4825, 4447, 4650, 5712, 4733, 6524, 1420
7817, 6746, 5642, 4434, 4655, 5724, 4738, 6512, 1405
7782, 6861, 6868, 4393, 4681, 5737, 4716, 6510, 1410
7769, 6779, 8758, 4356, 4718, 5768, 4710, 6538, 1414
7761, 6751, 11575, 4341, 4756, 5805, 4718, 6548, 1426
7704, 6712, 15706, 4319, 4765, 5827, 4695, 6550, 1434
7693, 6665, 21948, 4313, 4731, 5856, 4655, 6570, 1421
7651, 6726, 31261, 4296, 4718, 5858, 4625, 6566, 1394
7697, 6734, 45151, 4287, 4742, 5851, 4609, 6582, 1373
7764, 6777, 65651, 4242, 4725, 5884, 4525, 6635, 1358
7823, 6824, 95467, 4231, 4766, 5897, 4499, 6695, 1375
7851, 6851, 137564, 4146, 4792, 5849, 4467, 6713, 1383
7908, 6882, 194047, 4102, 4826, 5814, 4445, 6670, 1389
7853, 6871, 263601, 4062, 4842, 5776, 4414, 6661, 1393
7898, 6824, 338350, 4077, 4818, 5760, 4410, 6680, 1401
7879, 6820, 400959, 4033, 4821, 5764, 4384, 6680, 1397
7802, 6859, 431352, 4024, 4793, 5719, 4398, 6658, 1379
7854, 6918, 420292, 3972, 4767, 5726, 4428, 6691, 1362
7924, 6983, 374699, 3946, 4758, 5714, 4448, 6676, 1348
7988, 7060, 314418, 3905, 4799, 5699, 4459, 6651, 1352
8067, 7075, 251582, 3840, 4817, 5758, 4467, 6625, 1331
8108, 7098, 195171, 3816, 4873, 5826, 4462, 6629, 1332
8062, 7033, 148250, 3824, 4829, 5810, 4440, 6587, 1329
8049, 6952, 111059, 3819, 4836, 5836, 4398, 6610, 1311
7940, 6968, 81385, 3824, 4857, 5840, 4360, 6598, 1311
7890, 6936, 58282, 3832, 4855, 5848, 4344, 6575, 1306
7876, 6906, 41631, 3823, 4854, 5833, 4351, 6557, 1307
7900, 6892, 30267, 3826, 4890, 5892, 4366, 6525, 1303
7824, 6942, 22404, 3836, 4916, 5925, 4366, 6552, 1296
7792, 6977, 16767, 3822, 4924, 5929, 4377, 6552, 1308
7725, 7046, 12847, 3791, 4936, 5944, 4356, 6555, 1311
7732, 6960, 10185, 3803, 4958, 5975, 4400, 6559, 1304
7694, 6966, 8391, 3841, 4948, 5980, 4419, 6563, 1311
7724, 6954, 7284, 3847, 4963, 5959, 4403, 6570, 1301
7748, 6972, 6568, 3796, 4994, 5957, 4463, 6607, 1295
7718, 6955, 6028, 3800, 4989, 5968, 4489, 6536, 1288
7748, 6928, 5614, 3802, 5001, 5956, 4504, 6555, 1280
7747, 6936, 5163, 3838, 5043, 5965, 4541, 6564, 1259
7767, 6950, 4942, 3854, 5034, 5992, 4583, 6554, 1246
7816, 6965, 4704, 3882, 4986, 5990, 4580, 6533, 1236
7831, 6953, 4527, 3871, 4963, 5959, 4561, 6549, 1228
7865, 6916, 4443, 3862, 4972, 5957, 4563, 6621, 1220
7901, 6946, 4344, 3879, 4950, 5957, 4563, 6693, 1203
7831, 6894, 4311, 3889, 5017, 5978, 4540, 6715, 1196
7882, 6779, 4260, 3881, 5056, 5954, 4479, 6757, 1173
7983, 6710, 4278, 3899, 5054, 5940, 4459, 6823, 1174
7997, 6673, 4183, 3946, 5055, 5954, 4448, 6899, 1142
8022, 6690, 4133, 3979, 5069, 5936, 4437, 6911, 1130
8084, 6669, 4131, 3979, 5057, 5882, 4395, 6941, 1111
8199, 6646, 4134, 3950, 5084, 5857, 4342, 6984, 1108
8219, 6642, 4167, 3917, 5058, 5843, 4344, 7029, 1077
8182, 6715, 4186, 3904, 5083, 5787, 4326, 7159, 1071
8069, 6676, 4233, 3906, 5042, 5762, 4315, 7206, 1071
8015, 6586, 4189, 3914, 5039, 5756, 4313, 7221, 1058
7972, 6541, 4204, 3917, 5018, 5732, 4335, 7221, 1051
7879, 6562, 4270, 3878, 5025, 5729, 4319, 7244, 1038
7858, 6578, 4275, 3889, 5052, 5762, 4327, 7262, 1017
7911, 6531, 4257, 3907, 5021, 5791, 4358, 7258, 1003
7980, 6581, 4330, 3913, 5014, 5816, 4356, 7275, 1011
8031, 6573, 4380, 3959, 5039, 5815, 4351, 7273, 1007
7970, 6511, 4469, 4019, 5025, 5794, 4345, 7321, 979
7937, 6550, 4611, 4040, 5015, 5809, 4358, 7348, 1050
7866, 6541, 4734, 4053, 5045, 5821, 4364, 7358, 1053
7832, 6524, 4858, 4128, 5017, 5828, 4386, 7368, 1045
7780, 6548, 4991, 4121, 5063, 5838, 4420, 7408, 1048
7757, 6594, 5196, 4119, 5074, 5859, 4420, 7409, 1056
7676, 6620, 5404, 4114, 5084, 5870, 4432, 7411, 1034
7716, 6645, 5644, 4096, 5108, 5817, 4449, 7383, 1032
7829, 6658, 5817, 4096, 5105, 5776, 4455, 7367, 1011
7821, 6803, 5897, 4112, 5095, 5763, 4444, 7356, 999
7859, 6777, 5840, 4080, 5111, 5790, 4433, 7369, 1058
7873, 6821, 5782, 4088, 5131, 5815, 4432, 7386, 1049
7854, 6835, 5842, 4136, 5144, 5833, 4458, 7313, 1039
7798, 6868, 6055, 4106, 5162, 5800, 4473, 7324, 1039
7838, 6897, 6308, 4083, 5195, 5814, 4454, 7314, 1032
7779, 6972, 6389, 4082, 5204, 5789, 4443, 7328, 1022
7756, 7067, 6196, 4098, 5141, 5809, 4437, 7308, 1027
7713, 7086, 5967, 4108, 5134, 5822, 4456, 7318, 1019
7718, 7093, 5675, 4117, 5147, 5770, 4411, 7322, 1024
7723, 7175, 5396, 4176, 5185, 5792, 4384, 7327, 1030
7723, 7226, 5187, 4189, 5251, 5781, 4400, 7313, 1025
7728, 7303, 5075, 4170, 5254, 5757, 4363, 7317, 1025
7689, 7356, 4928, 4197, 5252, 5776, 4371, 7268, 1036
7640, 7415, 4927, 4235, 5279, 5780, 4350, 7292, 1047
7596, 7422, 4941, 4275, 5297, 5751, 4350, 7262, 1037
7610, 7400, 4952, 4293, 5252, 5776, 4339, 7253, 1050
7612, 7272, 4888, 4242, 5290, 5843, 4334, 7238, 1075
7638, 7220, 4854, 4232, 5332, 5852, 4318, 7285, 1095
7590, 7232, 4784, 4218, 5380, 5848, 4263, 7276, 1120
7616, 7146, 4724, 4238, 5438, 5803, 4296, 7345, 1154
7632, 7030, 4604, 4242, 5477, 5770, 4274, 7442, 1200
7615, 7008, 4508, 4243, 5504, 5777, 4263, 7559, 1262
7655, 6909, 4489, 4239, 5616, 5759, 4265, 7727, 1359
7699, 6726, 4442, 4236, 5692, 5719, 4305, 7882, 1492
7691, 6674, 4416, 4283, 5795, 5701, 4341, 8095, 1700
7776, 6602, 4341, 4336, 5872, 5657, 4339, 8294, 2012
7779, 6640, 4254, 4380, 5888, 5679, 4324, 8462, 2448
7786, 6675, 4242, 4427, 5894, 5711, 4304, 8572, 3071
7772, 6707, 4287, 4489, 5889, 5724, 4308, 8553, 3917
7796, 6722, 4312, 4530, 5900, 5720, 4323, 8549, 5028
7691, 6680, 4372, 4586, 5910, 5776, 4337, 8419, 6366
7647, 6715, 4559, 4650, 5895, 5820, 4339, 8229, 7863
7639, 6645, 4787, 4676, 5872, 5845, 4323, 8055, 9176
7598, 6430, 5115, 4735, 5846, 5912, 4307, 7889, 9980
7563, 6298, 5625, 4778, 5800, 5894, 4317, 7785, 10228
7604, 6287, 6368, 4806, 5784, 5877, 4330, 7721, 10001
7624, 6265, 7382, 4884, 5699, 5867, 4342, 7648, 9592
7598, 6216, 8777, 4877, 5693, 5856, 4354, 7532, 9179
7666, 6135, 10739, 4894, 5699, 5823, 4364, 7462, 8722
7618, 6097, 12927, 4897, 5644, 5800, 4373, 7417, 8139
7543, 6103, 15093, 4877, 5689, 5833, 4350, 7354, 7364
7474, 6115, 16546, 4822, 5701, 5873, 4366, 7261, 6518
7482, 6122, 17013, 4805, 5694, 5848, 4369, 7246, 5945
7529, 6093, 16179, 4775, 5728, 5871, 4364, 7210, 5477
7618, 6132, 14732, 4764, 5745, 5849, 4324, 7162, 5250
7583, 6174, 13413, 4771, 5713, 5869, 4326, 7139, 5285
7625, 6191, 12550, 4774, 5668, 5824, 4324, 7172, 5452
7630, 6155, 12779, 4802, 5629, 5835, 4304, 7147, 5584
7558, 6191, 14400, 4867, 5635, 5846, 4286, 7115, 5517
7591, 6142, 17539, 4885, 5643, 5825, 4296, 7077, 5345
7565, 6062, 22056, 4929, 5679, 5821, 4291, 7069, 5001
7528, 6098, 26472, 4932, 5658, 5827, 4288, 7033, 4714
7485, 6097, 30033, 4972, 5648, 5817, 4289, 7032, 4632
7434, 6038, 32872, 4995, 5652, 5844, 4326, 7011, 4665
7392, 5990, 35514, 5059, 5677, 5864, 4364, 6987, 4968
7376, 5992, 38519, 5134, 5755, 5866, 4374, 6957, 5475
7382, 6036, 41741, 5158, 5753, 5839, 4412, 6940, 6070
7422, 6088, 45207, 5190, 5767, 5805, 4408, 6884, 6688
7375, 6057, 48348, 5180, 5859, 5834, 4418, 6846, 7220
7346, 5980, 49641, 5168, 5976, 5812, 4487, 6810, 7550
7346, 5888, 48399, 5173, 6084, 5802, 4537, 6790, 7756
7319, 5885, 45113, 5174, 6129, 5833, 4556, 6775, 7894
7262, 5928, 40278, 5213, 6208, 5841, 4578, 6785, 7929
7334, 5909, 34758, 5220, 6220, 5848, 4572, 6781, 7932
7387, 5831, 29630, 5277, 6233, 5832, 4568, 6761, 7950
7309, 5808, 25170, 5318, 6231, 5763, 4513, 6717, 7825
7288, 5773, 20926, 5360, 6295, 5747, 4518, 6722, 7512
7316, 5715, 17346, 5383, 6308, 5772, 4500, 6742, 7116
7306, 5713, 14303, 5419, 6329, 5760, 4492, 6695, 6725
7326, 5699, 11630, 5462, 6363, 5806, 4484, 6689, 6441
7421, 5666, 9705, 5465, 6440, 5795, 4472, 6628, 6374
7525, 5611, 8352, 5499, 6545, 5790, 4450, 6592, 6610
7549, 5598, 7226, 5441, 6688, 5769, 4405, 6611, 7244
7541, 5582, 6549, 5469, 6857, 5774, 4361, 6564, 8209
7495, 5664, 6135, 5480, 7007, 5758, 4371, 6559, 9410
7455, 5790, 5760, 5491, 7102, 5780, 4412, 6534, 10522
7485, 5962, 5412, 5508, 7281, 5707, 4440, 6520, 11135
7406, 6181, 5187, 5514, 7430, 5666, 4420, 6478, 11028
7263, 6432, 5064, 5525, 7517, 5647, 4403, 6482, 10335
7208, 6701, 4926, 5483, 7629, 5629, 4395, 6440, 9179
7132, 6930, 4868, 5485, 7646, 5619, 4398, 6452, 8158
7140, 7147, 4794, 5510, 7619, 5629, 4395, 6466, 7241
7100, 7137, 4788, 5522, 7557, 5649, 4396, 6471, 6474
6976, 7093, 4775, 5541, 7524, 5650, 4381, 6444, 5792
6990, 7033, 4824, 5607, 7343, 5640, 4360, 6375, 5242
6910, 6919, 4851, 5619, 7213, 5651, 4352, 6350, 4828
6993, 6741, 4845, 5659, 7055, 5716, 4324, 6323, 4484
7058, 6573, 4812, 5639, 6881, 5748, 4274, 6270, 4260
7052, 6336, 4815, 5639, 6893, 5780, 4245, 6211, 4104
7021, 6195, 4810, 5657, 6880, 5785, 4234, 6178, 4093
7057, 6140, 4799, 5665, 6826, 5783, 4244, 6125, 4201
7101, 6088, 4795, 5658, 6826, 5804, 4252, 6093, 4417
7142, 6084, 4772, 5684, 6859, 5835, 4289, 6057, 4757
7199, 6003, 4747, 5662, 6960, 5821, 4296, 6048, 5170
7273, 6045, 4750, 5720, 7070, 5818, 4284, 6030, 5693
7346, 6055, 4748, 5704, 7274, 5850, 4300, 6026, 6212
7507, 6166, 4700, 5666, 7578, 5840, 4304, 6006, 6633
7719, 6304, 4691, 5711, 8019, 5826, 4325, 5973, 6667
7840, 6464, 4656, 5710, 8575, 5801, 4331, 5923, 6335
7998, 6615, 4628, 5725, 9404, 5815, 4341, 5866, 5815
8067, 6868, 4650, 5692, 10531, 5825, 4348, 5854, 5235
8220, 7158, 4654, 5703, 12001, 5860, 4329, 5822, 4760
8246, 7461, 4592, 5703, 13959, 5860, 4337, 5790, 4352
8187, 7645, 4583, 5750, 16275, 5842, 4309, 5769, 4024
8169, 7771, 4567, 5756, 18699, 5888, 4296, 5765, 3803
8090, 7803, 4564, 5825, 21007, 5892, 4280, 5729, 3623
8032, 7579, 4580, 5840, 22886, 5910, 4262, 5715, 3436
7936, 7200, 4576, 5837, 23771, 5883, 4244, 5755, 3240
7842, 6823, 4654, 5883, 23575, 5889, 4198, 5752, 3096
7716, 6525, 4719, 5906, 23078, 5864, 4199, 5731, 2971
7603, 6299, 4738, 5912, 22737, 5859, 4227, 5736, 2898
7484, 6120, 4709, 5905, 22637, 5886, 4233, 5758, 2819
7392, 5958, 4608, 5909, 22547, 5951, 4191, 5728, 2760
7411, 5843, 4539, 5924, 21881, 5913, 4179, 5744, 2731
7337, 5772, 4503, 5926, 20389, 5965, 4193, 5727, 2720
7330, 5660, 4560, 5968, 18475, 5937, 4215, 5740, 2713
7287, 5632, 4565, 5968, 16494, 5923, 4173, 5733, 2729
7297, 5591, 4599, 6028, 14753, 5953, 4182, 5713, 2810
7335, 5536, 4566, 6062, 13144, 5972, 4166, 5691, 2914
7444, 5478, 4570, 6069, 11884, 5938, 4153, 5634, 3094
7578, 5456, 4578, 6106, 10806, 5943, 4173, 5632, 3390
7657, 5428, 4638, 6092, 9891, 5922, 4190, 5583, 3814
7724, 5348, 4642, 6094, 9193, 5950, 4183, 5534, 4364
7605, 5353, 4674, 6118, 8734, 5966, 4150, 5489, 5158
7508, 5296, 4668, 6143, 8381, 6021, 4148, 5447, 6124
7456, 5323, 4680, 6165, 8018, 6068, 4122, 5400, 7249
7403, 5304, 4730, 6168, 7719, 6017, 4121, 5389, 8289
7407, 5225, 4799, 6175, 7520, 6087, 4127, 5360, 9087
7380, 5210, 4873, 6160, 7353, 6108, 4123, 5326, 9512
7386, 5222, 4864, 6229, 7247, 6112, 4098, 5310, 9458
7479, 5164, 4883, 6208, 7159, 6091, 4069, 5278, 8954
7514, 5137, 4876, 6256, 7088, 6129, 4050, 5223, 8251
7578, 5167, 4845, 6234, 6993, 6170, 4083, 5234, 7514
7615, 5091, 4830, 6165, 6941, 6162, 4076, 5222, 6990
7652, 5047, 4853, 6166, 6869, 6144, 4063, 5196, 6435
7685, 4985, 4799, 6214, 6838, 6171, 4010, 5124, 6022
7695, 4969, 4809, 6219, 6727, 6197, 3981, 5116, 5795
7671, 4969, 4794, 6216, 6616, 6262, 3973, 5083, 5734
7668, 4945, 4779, 6243, 6548, 6253, 3947, 5022, 6023
7608, 4890, 4732, 6271, 6511, 6280, 3891, 4973, 6634
7536, 4846, 4753, 6218, 6470, 6288, 3898, 4953, 7664
7556, 4846, 4775, 6203, 6435, 6334, 3895, 4903, 9131
7523, 4806, 4766, 6227, 6441, 6353, 3851, 4867, 10962
7475, 4762, 4743, 6205, 6420, 6329, 3826, 4826, 12957
7495, 4757, 4757, 6191, 6290, 6254, 3821, 4769, 14676
7417, 4694, 4758, 6230, 6297, 6275, 3788, 4691, 15813
7346, 4606, 4810, 6281, 6255, 6292, 3799, 4649, 15654
7179, 4553, 4760, 6314, 6273, 6323, 3807, 4591, 14219
7248, 4513, 4826, 6341, 6249, 6393, 3831, 4569, 12247
7245, 4435, 4845, 6353, 6277, 6428, 3817, 4556, 10261
7202, 4352, 4856, 6368, 6253, 6426, 3802, 4538, 8454
7162, 4356, 4859, 6391, 6224, 6389, 3791, 4510, 7024
7169, 4387, 4828, 6401, 6172, 6365, 3812, 4503, 5938
7141, 4372, 4903, 6413, 6150, 6412, 3802, 4481, 5172
7105, 4311, 4970, 6347, 6173, 6454, 3772, 4455, 4518
7108, 4303, 5004, 6313, 6199, 6441, 3761, 4436, 4066
7146, 4236, 5027, 6372, 6186, 6487, 3719, 4407, 3716
7117, 4222, 5130, 6423, 6118, 6478, 3669, 4430, 3462
7106, 4171, 5185, 6448, 6126, 6476, 3628, 4408, 3299
7054, 4143, 5247, 6446, 6088, 6458, 3604, 4435, 3171
7050, 4145, 5282, 6451, 6086, 6397, 3617, 4444, 3075
7002, 4130, 5253, 6459, 6091, 6398, 3594, 4437, 2962
7029, 4166, 5266, 6446, 6053, 6374, 3602, 4443, 2890
6962, 4215, 5292, 6485, 6024, 6397, 3595, 4438, 2839
6990, 4211, 5311, 6501, 6000, 6388, 3589, 4424, 2801
7045, 4252, 5317, 6480, 5942, 6379, 3583, 4398, 2744
7018, 4313, 5332, 6502, 5960, 6400, 3562, 4361, 2709
7066, 4309, 5301, 6482, 5940, 6386, 3576, 4354, 2676
7076, 4212, 5314, 6499, 5963, 6397, 3571, 4307, 2648
7020, 4206, 5300, 6479, 5927, 6376, 3578, 4290, 2644
6953, 4198, 5260, 6454, 5961, 6381, 3538, 4272, 2639
6869, 4168, 5205, 6446, 5891, 6281, 3522, 4259, 2603
6754, 4156, 5175, 6432, 5866, 6316, 3494, 4238, 2588
6760, 4125, 5231, 6401, 5858, 6324, 3481, 4192, 2564
6739, 4173, 5180, 6353, 5861, 6347, 3479, 4190, 2541
6753, 4178, 5165, 6336, 5831, 6390, 3489, 4177, 2522
6679, 4192, 5166, 6315, 5752, 6422, 3471, 4149, 2501
6640, 4279, 5174, 6304, 5750, 6449, 3487, 4090, 2515
6629, 4281, 5151, 6282, 5771, 6458, 3465, 4069, 2505
6628, 4302, 5120, 6271, 5797, 6452, 3453, 4045, 2502
6498, 4293, 5066, 6264, 5833, 6434, 3453, 4013, 2495
6486, 4291, 5143, 6236, 5869, 6452, 3442, 3981, 2497
6508, 4323, 5123, 6232, 5870, 6428, 3459, 3949, 2500
6556, 4323, 5115, 6193, 5871, 6446, 3451, 3907, 2503
6489, 4318, 5175, 6185, 5916, 6421, 3411, 3866, 2524
6364, 4257, 5139, 6172, 5985, 6392, 3431, 3826, 2501
6289, 4235, 5104, 6116, 6065, 6311, 3436, 3792, 2499
6285, 4262, 5121, 6069, 6136, 6332, 3401, 3803, 2513
6296, 4263, 5071, 6082, 6237, 6344, 3410, 3797, 2496
6338, 4281, 5048, 6056, 6420, 6361, 3405, 3769, 2492
6314, 4301, 5074, 6047, 6603, 6395, 3409, 3764, 2490
6281, 4310, 5099, 6125, 6871, 6401, 3414, 3788, 2489
6306, 4311, 5138, 6115, 7128, 6389, 3465, 3767, 2479
6251, 4317, 5172, 6134, 7356, 6414, 3518, 3771, 2467
6338, 4331, 5211, 6112, 7537, 6415, 3622, 3724, 2460
6324, 4333, 5237, 6145, 7665, 6407, 3733, 3703, 2449
6324, 4368, 5149, 6103, 7637, 6428, 3873, 3685, 2417
6304, 4349, 5105, 6116, 7491, 6411, 4059, 3687, 2411
6277, 4410, 5050, 6130, 7306, 6412, 4309, 3659, 2400
6229, 4423, 5018, 6110, 7210, 6430, 4635, 3647, 2367
6223, 4393, 5035, 6052, 7100, 6491, 5035, 3646, 2353
6228, 4456, 5027, 5982, 6975, 6517, 5502, 3621, 2362
6272, 4447, 5061, 5982, 6828, 6497, 5987, 3593, 2376
6311, 4455, 5143, 5995, 6680, 6373, 6406, 3586, 2368
6388, 4482, 5299, 6038, 6556, 6355, 6679, 3549, 2361
6393, 4525, 5429, 6050, 6421, 6353, 6844, 3506, 2346
6410, 4551, 5512, 6041, 6418, 6332, 6825, 3485, 2303
6404, 4562, 5538, 6067, 6316, 6397, 6670, 3479, 2294
6384, 4569, 5586, 6006, 6211, 6386, 6368, 3437, 2301
6425, 4564, 5624, 5988, 6134, 6310, 6066, 3392, 2302
6481, 4545, 5635, 5985, 6113, 6346, 5678, 3357, 2306
6512, 4555, 5645, 5979, 6037, 6326, 5241, 3326, 2334
6467, 4497, 5623, 5943, 5943, 6331, 4848, 3291, 2330
6533, 4471, 5661, 5880, 5918, 6292, 4534, 3253, 2343
6544, 4440, 5631, 5902, 5882, 6235, 4265, 3213, 2360
6580, 4481, 5588, 5902, 5811, 6218, 4067, 3185, 2364
6542, 4498, 5608, 5880, 5771, 6214, 3954, 3187, 2373
6495, 4503, 5620, 5887, 5790, 6208, 3860, 3168, 2370
6432, 4467, 5671, 5840, 5743, 6223, 3739, 3137, 2391
6335, 4436, 5631, 5836, 5713, 6191, 3649, 3138, 2385
6265, 4415, 5658, 5829, 5668, 6208, 3575, 3126, 2378
6167, 4381, 5624, 5791, 5670, 6198, 3521, 3105, 2378
6078, 4436, 5668, 5780, 5671, 6175, 3423, 3112, 2367
6051, 4484, 5638, 5794, 5624, 6177, 3349, 3096, 2366
5934, 4473, 5617, 5768, 5581, 6217, 3290, 3091, 2387
5868, 4540, 5595, 5759, 5574, 6233, 3245, 3063, 2385
5738, 4524, 5608, 5800, 5539, 6186, 3245, 3078, 2417
5677, 4488, 5602, 5826, 5534, 6172, 3207, 3084, 2395
5605, 4490, 5615, 5820, 5514, 6225, 3160, 3090, 2396
5502, 4526, 5581, 5845, 5481, 6239, 3145, 3075, 2390
5441, 4655, 5601, 5809, 5490, 6257, 3130, 3079, 2402
5453, 4762, 5582, 5741, 5506, 6211, 3080, 3059, 2409
5486, 4863, 5650, 5707, 5490, 6225, 3049, 3018, 2420
5486, 5044, 5646, 5643, 5496, 6260, 2998, 3003, 2428
5493, 5268, 5658, 5568, 5516, 6237, 2965, 2986, 2429
5510, 5609, 5691, 5522, 5491, 6269, 2954, 2987, 2445
5534, 6156, 5715, 5550, 5463, 6325, 2932, 2972, 2468
5642, 6891, 5664, 5483, 5404, 6353, 2897, 2985, 2482
5691, 7793, 5699, 5453, 5370, 6379, 2882, 2976, 2462
5671, 8900, 5752, 5434, 5349, 6366, 2852, 2983, 2457
5625, 9898, 5757, 5430, 5352, 6389, 2797, 2990, 2451
5574, 10523, 5808, 5398, 5375, 6389, 2742, 3004, 2458
5535, 10434, 5714, 5416, 5408, 6366, 2763, 2990, 2449
5526, 9823, 5676, 5344, 5439, 6423, 2732, 2993, 2429
5505, 8886, 5635, 5386, 5500, 6467, 2709, 2941, 2428
5479, 7919, 5634, 5394, 5622, 6464, 2665, 2917, 2434
5509, 7090, 5683, 5393, 5656, 6433, 2635, 2918, 2450
5520, 6405, 5701, 5425, 5702, 6452, 2617, 2903, 2452
5456, 5985, 5687, 5445, 5800, 6471, 2610, 2905, 2450
5423, 5663, 5591, 5432, 5740, 6494, 2617, 2903, 2441
5488, 5410, 5568, 5422, 5714, 6489, 2574, 2918, 2451
5473, 5268, 5649, 5435, 5704, 6468, 2578, 2941, 2435
5464, 5212, 5725, 5412, 5697, 6458, 2576, 2943, 2448
5458, 5122, 5780, 5401, 5662, 6462, 2557, 2909, 2429
5406, 4995, 5808, 5376, 5662, 6495, 2540, 2921, 2410
5341, 4978, 5767, 5409, 5683, 6479, 2516, 2945, 2417
5309, 4894, 5718, 5444, 5653, 6441, 2502, 2955, 2417
5325, 4816, 5640, 5378, 5653, 6423, 2478, 2936, 2431
5298, 4833, 5641, 5333, 5663, 6430, 2478, 2929, 2455
5326, 4761, 5651, 5335, 5601, 6429, 2464, 2907, 2444
5247, 4760, 5645, 5347, 5579, 6412, 2444, 2890, 2461
5252, 4702, 5692, 5352, 5560, 6358, 2389, 2879, 2492
5206, 4697, 5633, 5409, 5537, 6381, 2363, 2881, 2468
5136, 4675, 5573, 5460, 5520, 6386, 2341, 2880, 2469
5140, 4712, 5560, 5459, 5515, 6431, 2315, 2900, 2496
5137, 4702, 5509, 5462, 5452, 6411, 2291, 2886, 2488
5092, 4651, 5473, 5467, 5454, 6412, 2309, 2885, 2497
5044, 4673, 5502, 5461, 5433, 6376, 2297, 2893, 2508
5024, 4708, 5537, 5471, 5412, 6391, 2290, 2860, 2493
4970, 4768, 5498, 5525, 5345, 6445, 2275, 2833, 2487
4869, 4856, 5523, 5583, 5305, 6436, 2269, 2811, 2491
4796, 4935, 5522, 5543, 5313, 6457, 2247, 2764, 2496
4757, 4987, 5435, 5541, 5321, 6443, 2228, 2718, 2493
4742, 4988, 5408, 5544, 5343, 6391, 2233, 2711, 2492
4666, 5063, 5310, 5584, 5367, 6391, 2225, 2700, 2522
4602, 5118, 5319, 5593, 5375, 6381, 2219, 2694, 2522
4570, 5156, 5342, 5590, 5364, 6424, 2194, 2706, 2511
